0 0.321883 0.519605 0.028781 0.263767
0 0.158376 0.506424 0.0237967 0.23098
0 0.794777 0.490037 0.00887966 0.086341
0 0.822216 0.573607 0.00991631 0.0434405
0 0.850093 0.494561 0.0100601 0.113523
0 0.372153 0.492686 0.0113495 0.0981179
0 0.147028 0.498252 0.00841193 0.0236021
0 0.642017 0.824218 0.100954 0.351564
0 0.934949 0.515027 0.0631081 0.056052
0 0.846931 0.50176 0.00554352 0.0162657
0 0.366388 0.50403 0.00447435 0.0201354
0 0.516272 0.577473 0.0291213 0.0589164
0 0.460334 0.605439 0.00291958 0.00933304
