0 0.322114 0.51774 0.0285374 0.260196
0 0.158398 0.506504 0.0246186 0.231149
0 0.93489 0.514964 0.0628067 0.0563968
0 0.794718 0.490114 0.00887613 0.0866218
0 0.822236 0.573395 0.00990238 0.0438482
0 0.850087 0.494671 0.0102364 0.113879
0 0.372431 0.492096 0.011253 0.099593
0 0.146491 0.498834 0.00706239 0.0233166
0 0.641988 0.824619 0.105573 0.350762
0 0.516237 0.577588 0.0291707 0.0591473
0 0.846638 0.501041 0.0049551 0.0158361
0 0.366669 0.502169 0.00468674 0.0202398
0 0.459773 0.605469 0.00324593 0.00980369
