0 0.32173 0.520805 0.0290714 0.266124
0 0.158363 0.506448 0.022749 0.231551
0 0.794827 0.490092 0.00880051 0.0862435
0 0.822215 0.573649 0.00981197 0.0431768
0 0.850045 0.494453 0.010157 0.11325
0 0.372015 0.493954 0.0112321 0.0971508
0 0.934945 0.515052 0.0630646 0.0562611
0 0.641949 0.823869 0.0998132 0.352262
0 0.516273 0.577487 0.0291558 0.0590074
0 0.145945 0.498377 0.00598664 0.0237573
0 0.846941 0.50144 0.00557365 0.0175693
0 0.366256 0.504435 0.00464993 0.0188546
0 0.147833 0.498402 0.0094193 0.0240913
0 0.460781 0.605266 0.00307808 0.00966237
