0 0.321577 0.521601 0.0299256 0.267769
0 0.157947 0.505891 0.0199644 0.23051
0 0.51625 0.577469 0.0291373 0.0590714
0 0.794782 0.490145 0.00873184 0.0862693
0 0.822254 0.573874 0.00993195 0.0428197
0 0.850212 0.494703 0.0101887 0.112836
0 0.371902 0.494982 0.0104524 0.0943622
0 0.64157 0.823518 0.098942 0.352964
0 0.146719 0.498452 0.00627911 0.0242513
0 0.935 0.514938 0.0632309 0.0563838
0 0.847371 0.500483 0.00554314 0.0177287
0 0.148541 0.498857 0.00991244 0.0246138
0 0.461879 0.605102 0.00270262 0.00943061
