0 0.32165 0.521281 0.0294171 0.267096
0 0.158045 0.506358 0.0216368 0.230686
0 0.516263 0.577509 0.0292059 0.0592238
0 0.794817 0.49011 0.00874291 0.0862199
0 0.822235 0.57385 0.00983791 0.0427626
0 0.850125 0.494528 0.0102282 0.113268
0 0.37182 0.494508 0.0112123 0.0959574
0 0.641885 0.823614 0.0990622 0.352771
0 0.146286 0.498564 0.00603313 0.0239585
0 0.93511 0.515159 0.0633179 0.056144
0 0.847046 0.501034 0.00552692 0.0183195
0 0.14819 0.49867 0.0098506 0.0244078
0 0.366252 0.504831 0.00457478 0.01765
