0 0.322884 0.516056 0.0278775 0.257741
0 0.157227 0.506654 0.0252731 0.229663
0 0.935008 0.51517 0.0627003 0.0564372
0 0.794741 0.49033 0.00902939 0.08639
0 0.849807 0.495638 0.0103741 0.112148
0 0.822244 0.573553 0.0097332 0.0428791
0 0.372893 0.491213 0.0108159 0.10189
0 0.145706 0.500289 0.00621433 0.0229051
0 0.641651 0.824669 0.10354 0.350661
0 0.367253 0.501729 0.00458622 0.0191327
0 0.458246 0.605867 0.00332108 0.00922046
0 0.846222 0.500794 0.00485153 0.0160138
0 0.516249 0.577488 0.0290391 0.0587779
