0 0.322581 0.516231 0.028405 0.257845
0 0.934946 0.515052 0.0627144 0.0562002
0 0.157659 0.506321 0.0255473 0.229973
0 0.794758 0.49024 0.008955 0.0864908
0 0.82224 0.573702 0.00981503 0.0426452
0 0.849836 0.495 0.0103405 0.113346
0 0.372821 0.491804 0.0108448 0.103038
0 0.644056 0.824564 0.105234 0.350872
0 0.145813 0.499261 0.00658448 0.0231028
0 0.367225 0.501641 0.00497513 0.0194032
0 0.516247 0.577494 0.029038 0.0587743
0 0.458722 0.605824 0.00314293 0.00909339
0 0.84623 0.501024 0.00513344 0.0164648
