0 0.322875 0.516027 0.0278964 0.257732
0 0.157209 0.506531 0.0253024 0.229833
0 0.934998 0.515156 0.0627586 0.0564863
0 0.79467 0.490267 0.0089201 0.0865465
0 0.822244 0.573624 0.00971451 0.042735
0 0.849613 0.496156 0.0106243 0.110523
0 0.372917 0.491343 0.0107919 0.101618
0 0.516241 0.577552 0.029137 0.0589398
0 0.145656 0.500315 0.00609188 0.0229369
0 0.641893 0.82468 0.106523 0.35064
0 0.367251 0.501717 0.00459757 0.0191884
0 0.45824 0.605842 0.0033638 0.00920749
0 0.846068 0.501385 0.00481949 0.0160204
