0 0.333752 0.512155 0.0281122 0.241585
0 0.146668 0.510037 0.0239421 0.231438
0 0.934907 0.515327 0.0628803 0.056386
0 0.793984 0.489376 0.00838652 0.0863929
0 0.377274 0.488683 0.0109137 0.103122
0 0.822217 0.574036 0.00969315 0.0420968
0 0.516161 0.577392 0.029135 0.0585765
0 0.847163 0.505725 0.0128899 0.0967299
0 0.640798 0.825263 0.100931 0.349475
0 0.449363 0.609024 0.00292969 0.0109265
0 0.13399 0.515313 0.0122592 0.0263671
0 0.32051 0.526849 0.00498486 0.0253455
0 0.135169 0.509219 0.014534 0.0388379
