0 0.359456 0.511039 0.0271033 0.237794
0 0.136552 0.513122 0.0211047 0.230046
0 0.793018 0.489192 0.00826387 0.0859884
0 0.822125 0.574717 0.00951233 0.040282
0 0.837708 0.492488 0.00809059 0.123058
0 0.383768 0.487956 0.0111715 0.0996779
0 0.370061 0.497412 0.00768518 0.0326458
0 0.135193 0.524696 0.0100392 0.0230452
0 0.934652 0.514882 0.0626488 0.0569762
0 0.140142 0.560775 0.00340254 0.0131615
0 0.640111 0.82501 0.104097 0.349981
0 0.436712 0.613875 0.00295649 0.0118997
0 0.51616 0.577404 0.0292139 0.058783
0 0.133897 0.523526 0.0127925 0.0261533
