0 0.36099 0.510649 0.0305294 0.236309
0 0.136404 0.509391 0.0210553 0.237795
0 0.793011 0.489292 0.00824594 0.0859054
0 0.384307 0.488866 0.0113111 0.0979852
0 0.822141 0.574669 0.00947895 0.0402122
0 0.837596 0.489999 0.00804176 0.119256
0 0.134303 0.529341 0.0098305 0.0259252
0 0.640339 0.82504 0.103359 0.34992
0 0.516153 0.577399 0.0292744 0.0588955
0 0.934682 0.514745 0.062636 0.0570582
0 0.832418 0.570437 0.0125753 0.0551505
0 0.436203 0.613668 0.00290432 0.0119422
0 0.37129 0.495764 0.00881462 0.0329327
0 0.140764 0.589346 0.00327947 0.0130434
