0 0.361594 0.510983 0.0315228 0.235449
0 0.136124 0.513408 0.0210257 0.232633
0 0.793013 0.489388 0.00825214 0.0859633
0 0.822111 0.574773 0.00944252 0.0398794
0 0.384687 0.488916 0.0111868 0.0978878
0 0.837557 0.491647 0.00808334 0.121111
0 0.133033 0.530795 0.00966144 0.0257558
0 0.516154 0.577393 0.0293074 0.0590185
0 0.934732 0.514947 0.0625895 0.0568024
0 0.642693 0.825098 0.109088 0.349803
0 0.435877 0.614034 0.00319023 0.0127255
0 0.832358 0.570496 0.0126047 0.0548015
0 0.372749 0.492852 0.0094738 0.0342801
