0 0.364198 0.510921 0.0293554 0.236201
0 0.135138 0.512507 0.0233739 0.234142
0 0.793048 0.489713 0.00836363 0.0867461
0 0.822112 0.574448 0.0095089 0.0408449
0 0.385079 0.488511 0.011501 0.0968918
0 0.12581 0.528036 0.00690749 0.0289714
0 0.83582 0.4928 0.00931816 0.120975
0 0.934668 0.51493 0.0628185 0.0567596
0 0.433569 0.614769 0.00333519 0.0126049
0 0.643004 0.825083 0.105249 0.349834
0 0.379277 0.483254 0.0095408 0.0275309
0 0.142044 0.544583 0.00340939 0.0126595
0 0.516229 0.577349 0.029217 0.0590675
