0 0.363406 0.511128 0.0307021 0.236006
0 0.135293 0.512541 0.0226729 0.233307
0 0.793051 0.489508 0.00836964 0.0865087
0 0.822103 0.574464 0.00949535 0.0408209
0 0.385027 0.4889 0.0115103 0.0963722
0 0.836962 0.492103 0.00833359 0.121893
0 0.934677 0.514946 0.062796 0.0567155
0 0.127286 0.528673 0.00733478 0.0278598
0 0.377357 0.485461 0.0112597 0.0299149
0 0.142136 0.56066 0.00331633 0.0132175
0 0.434066 0.614452 0.00329742 0.0134944
0 0.642315 0.824941 0.107343 0.350117
0 0.51622 0.577366 0.0292368 0.0590344
