0 0.365438 0.510997 0.0278235 0.235794
0 0.135158 0.512851 0.0240653 0.235157
0 0.793034 0.489821 0.00838661 0.0868559
0 0.822113 0.574457 0.00950603 0.0408191
0 0.385215 0.488865 0.0114686 0.0959302
0 0.835819 0.492794 0.00928574 0.121094
0 0.124849 0.527998 0.00672722 0.0302305
0 0.934696 0.514933 0.0628386 0.0567231
0 0.643787 0.825068 0.105673 0.349863
0 0.433201 0.614812 0.00323429 0.0123818
0 0.142258 0.529468 0.00313439 0.0141716
0 0.379938 0.482889 0.00926256 0.02649
0 0.516199 0.577349 0.0292182 0.0590807
