0 0.134622 0.512107 0.0245494 0.24164
0 0.37529 0.509844 0.0184773 0.238409
0 0.516262 0.577404 0.0293522 0.0591456
0 0.934826 0.514757 0.0631548 0.0569482
0 0.793413 0.490156 0.00837269 0.0876592
0 0.822273 0.573399 0.00980873 0.0432448
0 0.83442 0.487535 0.00959358 0.106828
0 0.388142 0.486925 0.0129903 0.100913
0 0.643555 0.826282 0.106716 0.347436
0 0.777176 0.496483 0.00919895 0.0922836
0 0.430151 0.616077 0.00310345 0.0110558
0 0.122014 0.531974 0.0078176 0.0382999
0 0.384894 0.481891 0.00795589 0.0231483
