0 0.134623 0.511803 0.0246332 0.241078
0 0.374602 0.509773 0.0191408 0.238696
0 0.93485 0.514821 0.0631939 0.0568549
0 0.51619 0.577436 0.0291868 0.059002
0 0.7934 0.490215 0.00832977 0.0875021
0 0.822239 0.573849 0.00977554 0.0421939
0 0.834771 0.489272 0.00923424 0.111062
0 0.121981 0.531002 0.0073947 0.0364611
0 0.387432 0.486911 0.012728 0.100989
0 0.430553 0.615484 0.00308857 0.0112423
0 0.777379 0.497401 0.00880909 0.0898989
0 0.642818 0.826186 0.104742 0.347627
0 0.3842 0.480889 0.00726976 0.0225926
0 0.385077 0.48694 0.00847201 0.0994763
