0 0.134711 0.512248 0.0244205 0.242167
0 0.376056 0.509818 0.0188305 0.237173
0 0.934824 0.514785 0.0631998 0.0569383
0 0.793436 0.490134 0.00841112 0.0874106
0 0.643921 0.826084 0.107394 0.347832
0 0.516291 0.577471 0.0293082 0.058933
0 0.822262 0.573107 0.00982285 0.0438654
0 0.122107 0.531977 0.00806928 0.0396025
0 0.429742 0.616107 0.00306644 0.0108487
0 0.83398 0.486986 0.010083 0.102645
0 0.776887 0.495194 0.00980911 0.094713
0 0.387321 0.487139 0.00995784 0.100378
0 0.385693 0.483596 0.0073803 0.0251975
