0 0.392329 0.516773 0.0262081 0.227517
0 0.139736 0.511606 0.0220751 0.248549
0 0.822195 0.574574 0.00962753 0.040663
0 0.835786 0.490783 0.0106926 0.108989
0 0.794235 0.4902 0.00817738 0.0877843
0 0.422361 0.616994 0.00310583 0.00976529
0 0.516295 0.577342 0.0295069 0.0587201
0 0.77367 0.489604 0.00987396 0.104657
0 0.93469 0.514883 0.0628159 0.0566169
0 0.643485 0.823685 0.103362 0.352631
0 0.405378 0.543325 0.0114948 0.0259826
0 0.127157 0.528122 0.00923157 0.0349345
0 0.767089 0.49333 0.00962124 0.105733
