0 0.140248 0.510763 0.0231161 0.250866
0 0.395299 0.524096 0.0305336 0.215626
0 0.794198 0.49044 0.00833702 0.0876111
0 0.836085 0.488897 0.0106495 0.111902
0 0.822159 0.574576 0.00957546 0.0404
0 0.420422 0.617904 0.00295458 0.0104325
0 0.409991 0.558414 0.0117043 0.0426622
0 0.127128 0.505582 0.00629759 0.0295788
0 0.128882 0.505488 0.0099504 0.0299022
0 0.641738 0.824429 0.104989 0.351142
0 0.773005 0.488465 0.00928955 0.106995
0 0.516293 0.577473 0.0293736 0.0586677
0 0.934704 0.514879 0.0623207 0.0567101
