0 0.395019 0.538818 0.0488252 0.185047
0 0.145382 0.513254 0.0250024 0.253709
0 0.793715 0.490143 0.00858803 0.0879612
0 0.838393 0.493355 0.0101681 0.11722
0 0.82212 0.574523 0.00947228 0.0395084
0 0.137237 0.45564 0.00746579 0.035337
0 0.832386 0.570543 0.0127117 0.0541568
0 0.64203 0.824565 0.102629 0.350869
0 0.390387 0.449443 0.00761189 0.0284337
0 0.15565 0.449337 0.00437853 0.0160129
0 0.934646 0.515002 0.0626614 0.0567223
0 0.516264 0.577831 0.0292879 0.0589539
0 0.378545 0.476157 0.0103667 0.0237915
