0 0.395072 0.535497 0.050607 0.19378
0 0.934854 0.515124 0.0630024 0.0565794
0 0.153214 0.515385 0.0291527 0.252154
0 0.842587 0.502755 0.0128078 0.0988497
0 0.792874 0.489826 0.00856113 0.0875849
0 0.822264 0.574337 0.00970955 0.0403388
0 0.516244 0.577715 0.0292765 0.0589186
0 0.156936 0.446703 0.00652659 0.040474
0 0.388885 0.470698 0.00992699 0.07048
0 0.64095 0.822782 0.102092 0.354437
0 0.167486 0.484801 0.0032938 0.0130707
0 0.414098 0.56439 0.00323048 0.0101196
0 0.774193 0.488302 0.0081707 0.103315
0 0.49578 0.570941 0.00808239 0.0612386
