0 0.394767 0.536532 0.0516932 0.191785
0 0.934809 0.515116 0.0630749 0.0566631
0 0.842325 0.502436 0.013287 0.09826
0 0.149859 0.515027 0.0225947 0.25285
0 0.516348 0.577628 0.0295319 0.0590458
0 0.792908 0.489816 0.00853348 0.0875373
0 0.822256 0.57448 0.00965653 0.0400228
0 0.641403 0.822549 0.100424 0.354902
0 0.389089 0.471824 0.0103224 0.0705212
0 0.155834 0.444281 0.00577321 0.0394936
0 0.413985 0.569338 0.00340195 0.0127407
0 0.166086 0.464003 0.00388508 0.0131293
0 0.154564 0.450593 0.00794969 0.0526182
