0 0.396868 0.525477 0.0395943 0.211898
0 0.150237 0.51434 0.0257831 0.252004
0 0.934905 0.515084 0.062822 0.0563804
0 0.792697 0.490381 0.00865116 0.0874596
0 0.822241 0.574193 0.00966549 0.0404144
0 0.844482 0.504603 0.0120983 0.0962724
0 0.163801 0.453207 0.00943558 0.0371217
0 0.176294 0.628145 0.00383654 0.0118022
0 0.641847 0.82273 0.101559 0.354541
0 0.414266 0.56815 0.00274286 0.0116109
0 0.162446 0.461368 0.0121632 0.0536434
0 0.77597 0.489921 0.00964041 0.0998181
0 0.516263 0.577718 0.0292076 0.0587608
