0 0.396053 0.529379 0.0430735 0.205418
0 0.149878 0.514314 0.0238676 0.253106
0 0.934939 0.515184 0.0628586 0.0564426
0 0.843614 0.504419 0.0126713 0.0979407
0 0.822239 0.574223 0.00965576 0.0400998
0 0.792725 0.49024 0.00863152 0.0875216
0 0.516285 0.577695 0.0292728 0.0590831
0 0.173201 0.58094 0.00336635 0.014515
0 0.161666 0.452786 0.00904141 0.0404595
0 0.64272 0.822732 0.102556 0.354536
0 0.414258 0.562772 0.00291233 0.0103491
0 0.160882 0.460824 0.0105081 0.0559253
0 0.495812 0.570682 0.00808296 0.0608492
0 0.775215 0.489528 0.00871868 0.0990334
