0 0.396417 0.527348 0.0413933 0.209858
0 0.150033 0.51461 0.0248548 0.252993
0 0.934918 0.515075 0.0628122 0.0564797
0 0.792682 0.490305 0.00860386 0.0874705
0 0.822252 0.574182 0.00968285 0.0404443
0 0.843984 0.504266 0.0122381 0.0960971
0 0.516251 0.57775 0.0291412 0.0588455
0 0.162662 0.453365 0.0094769 0.0389296
0 0.174635 0.60607 0.00318632 0.0109376
0 0.642089 0.822752 0.102775 0.354496
0 0.414303 0.565386 0.00282974 0.0106779
0 0.161717 0.461267 0.0113685 0.0542239
0 0.495808 0.570768 0.00810709 0.0611394
0 0.387767 0.472413 0.00802894 0.0717872
