0 0.395351 0.534316 0.0489733 0.196809
0 0.15123 0.515149 0.0253561 0.252838
0 0.93491 0.51517 0.062763 0.0565302
0 0.842871 0.503707 0.0123566 0.0985614
0 0.516263 0.577724 0.0293136 0.0591634
0 0.792824 0.490034 0.00868692 0.0876049
0 0.822261 0.574173 0.00969009 0.0400609
0 0.158251 0.448496 0.00704684 0.0407849
0 0.388694 0.47028 0.0096271 0.0689992
0 0.414084 0.562969 0.00315971 0.0114609
0 0.641472 0.822777 0.102459 0.354446
0 0.168987 0.507392 0.00335369 0.0136267
0 0.49574 0.570896 0.00817432 0.0614392
