0 0.395885 0.531201 0.0454932 0.200992
0 0.934782 0.51518 0.0624935 0.0564521
0 0.149998 0.514964 0.0232541 0.252121
0 0.843362 0.504206 0.0127529 0.0978646
0 0.516273 0.577671 0.02934 0.0590934
0 0.792708 0.490203 0.00860062 0.0875525
0 0.822251 0.57423 0.00967598 0.040018
0 0.16028 0.451888 0.00888796 0.0421085
0 0.414266 0.562068 0.00311613 0.0116477
0 0.17173 0.555098 0.00337796 0.0138084
0 0.642214 0.822628 0.10317 0.354743
0 0.495732 0.570713 0.00821114 0.0613127
0 0.388231 0.470945 0.00885143 0.0688475
