0 0.39567 0.532882 0.047471 0.19897
0 0.150469 0.515063 0.0238566 0.252596
0 0.934784 0.515108 0.0625523 0.0563816
0 0.516275 0.57769 0.0292971 0.0589554
0 0.843104 0.504144 0.0127033 0.0986706
0 0.792732 0.490033 0.00849075 0.0874832
0 0.822258 0.574216 0.00968857 0.0400403
0 0.15921 0.449884 0.00789552 0.0415165
0 0.388365 0.471195 0.00891933 0.0698419
0 0.170324 0.530722 0.00314515 0.0140082
0 0.414257 0.562122 0.00321026 0.0118376
0 0.64186 0.822831 0.103786 0.354339
0 0.495741 0.570534 0.00819969 0.0608236
