0 0.389481 0.509023 0.0268777 0.224478
0 0.159273 0.51471 0.0194801 0.252198
0 0.792895 0.49212 0.00866203 0.0833251
0 0.848741 0.496496 0.0110325 0.110985
0 0.935109 0.515207 0.063348 0.0565748
0 0.777368 0.491201 0.00936565 0.0943503
0 0.171461 0.535997 0.0110782 0.0347216
0 0.82216 0.573742 0.0095726 0.0423375
0 0.642712 0.822745 0.101433 0.35451
0 0.40102 0.534473 0.00529633 0.0418939
0 0.172811 0.494163 0.00334043 0.0114098
0 0.409331 0.575567 0.00252666 0.0106527
0 0.516228 0.577778 0.0290976 0.059
0 0.842805 0.486585 0.00647049 0.0174132
