0 0.390301 0.508392 0.0270502 0.226429
0 0.159836 0.514872 0.0216315 0.249898
0 0.847908 0.496876 0.0116756 0.10998
0 0.935581 0.515373 0.0641518 0.0565043
0 0.792902 0.491472 0.0083353 0.0846254
0 0.642941 0.822876 0.10024 0.354248
0 0.822175 0.573766 0.00959492 0.0420892
0 0.777312 0.490707 0.00943546 0.0963535
0 0.173211 0.532328 0.0139609 0.0364477
0 0.401754 0.534542 0.00529108 0.0396851
0 0.516208 0.577801 0.0290417 0.0588503
0 0.495844 0.570422 0.00818768 0.0614526
0 0.410089 0.579475 0.00257216 0.00975545
