0 0.390694 0.508314 0.0271984 0.226785
0 0.159884 0.515139 0.0224681 0.250778
0 0.935532 0.515354 0.0641127 0.0563751
0 0.84788 0.496891 0.0117611 0.109189
0 0.792915 0.490853 0.00833464 0.0852564
0 0.822171 0.573954 0.00957565 0.0416989
0 0.643062 0.82282 0.100182 0.354361
0 0.777256 0.490181 0.00950766 0.0980972
0 0.173652 0.530747 0.014546 0.0360933
0 0.173287 0.550168 0.00313828 0.0111594
0 0.410442 0.582946 0.0027668 0.0101991
0 0.516183 0.577734 0.02899 0.0589623
0 0.495825 0.570504 0.00812187 0.0616511
0 0.402086 0.533768 0.00497591 0.0395237
