0 0.391487 0.50928 0.0266041 0.227096
0 0.160073 0.514959 0.0238527 0.250757
0 0.792836 0.490778 0.0082509 0.0856989
0 0.84772 0.497854 0.0118116 0.107001
0 0.822192 0.573823 0.00960312 0.0419515
0 0.17428 0.527944 0.0144911 0.0340754
0 0.777064 0.49021 0.00968914 0.0983109
0 0.643252 0.82277 0.100954 0.35446
0 0.516252 0.577651 0.0292044 0.059137
0 0.173859 0.586367 0.00325232 0.0128815
0 0.410817 0.583519 0.00301142 0.0108605
0 0.93514 0.51533 0.0632454 0.0560278
0 0.402956 0.531108 0.00446377 0.041223
