0 0.389796 0.508927 0.0270778 0.225359
0 0.159393 0.514777 0.0201535 0.251308
0 0.848224 0.496477 0.0113794 0.111031
0 0.792988 0.492077 0.00851231 0.0833206
0 0.642919 0.822874 0.100717 0.354252
0 0.777374 0.491002 0.00929661 0.094804
0 0.822158 0.573855 0.00956612 0.0419473
0 0.172353 0.535046 0.0118381 0.0358424
0 0.935675 0.515065 0.0643656 0.0567758
0 0.401248 0.534334 0.00531194 0.0420169
0 0.172831 0.506816 0.00352454 0.0133119
0 0.516236 0.577763 0.0291033 0.0588718
0 0.40975 0.576599 0.00258608 0.0101963
0 0.400967 0.52516 0.00601234 0.0609017
