0 0.389399 0.509872 0.0268194 0.222523
0 0.159643 0.514481 0.0192089 0.252111
0 0.792894 0.492327 0.00886402 0.0829805
0 0.848975 0.496629 0.0113308 0.111015
0 0.643159 0.822652 0.101364 0.354696
0 0.777384 0.49144 0.00949755 0.0942644
0 0.170323 0.535935 0.0109494 0.035415
0 0.822157 0.573735 0.00957527 0.042372
0 0.400816 0.533971 0.00498524 0.0433051
0 0.84308 0.486368 0.00649319 0.0187774
0 0.172712 0.48304 0.00366232 0.0118869
0 0.935081 0.515176 0.0631794 0.0567951
0 0.409221 0.575099 0.00241899 0.0099784
0 0.495819 0.570687 0.00813446 0.0607729
