0 0.391059 0.508719 0.0269082 0.226872
0 0.159922 0.514865 0.0230443 0.250754
0 0.847833 0.497064 0.0117325 0.108496
0 0.792926 0.490686 0.00825481 0.085446
0 0.822185 0.57401 0.00957298 0.0415127
0 0.64303 0.822797 0.100458 0.354406
0 0.777224 0.490271 0.00936108 0.0983665
0 0.935138 0.515314 0.0634792 0.0564346
0 0.174102 0.529188 0.0143851 0.0349447
0 0.173543 0.568571 0.00316145 0.0138236
0 0.410568 0.587275 0.00279598 0.0105165
0 0.516252 0.577623 0.0291025 0.0590034
0 0.402549 0.53481 0.00458479 0.0360196
