0 0.388984 0.510752 0.0254973 0.216808
0 0.163674 0.512612 0.0199907 0.247549
0 0.792454 0.494022 0.00949392 0.0776533
0 0.850061 0.496901 0.0106384 0.11002
0 0.822171 0.574221 0.00954437 0.0412381
0 0.163493 0.537788 0.00969172 0.0366091
0 0.642703 0.823693 0.10328 0.352615
0 0.777559 0.492205 0.00904789 0.093271
0 0.935007 0.515157 0.0628487 0.056091
0 0.171901 0.443132 0.00332828 0.0115252
0 0.399666 0.541037 0.0050313 0.0488746
0 0.516283 0.577504 0.0292159 0.058754
0 0.407431 0.58216 0.00265179 0.00886807
