0 0.389026 0.511609 0.0258276 0.218411
0 0.162567 0.513064 0.0194185 0.247905
0 0.792635 0.493489 0.00919476 0.0790064
0 0.850225 0.497066 0.0104061 0.109782
0 0.822191 0.573967 0.00962029 0.0415969
0 0.777525 0.492171 0.00914669 0.0935164
0 0.164532 0.537626 0.00987263 0.0354819
0 0.642719 0.823602 0.103241 0.352796
0 0.935014 0.515301 0.0628105 0.0559087
0 0.172031 0.446237 0.00318511 0.0114784
0 0.407865 0.583979 0.00312176 0.0109551
0 0.39993 0.540826 0.00506382 0.0466308
0 0.516287 0.577436 0.0292425 0.0587151
