0 0.388371 0.506344 0.0253945 0.210984
0 0.166559 0.512618 0.0233006 0.247069
0 0.850464 0.496575 0.0103024 0.109304
0 0.822187 0.574247 0.00958443 0.0412607
0 0.642967 0.824075 0.103056 0.35185
0 0.159239 0.538293 0.00878229 0.0415987
0 0.791962 0.495259 0.00924416 0.0752262
0 0.777576 0.491936 0.00913906 0.0936302
0 0.17143 0.445573 0.00348475 0.0116809
0 0.935026 0.515334 0.0628304 0.0558664
0 0.516222 0.57762 0.0292658 0.0589164
0 0.398448 0.536468 0.00567894 0.0478888
0 0.405927 0.584764 0.00303345 0.010298
