0 0.388176 0.505967 0.0254773 0.210785
0 0.167631 0.512705 0.0250663 0.246979
0 0.850336 0.49651 0.0105247 0.109377
0 0.822185 0.574143 0.00959435 0.0414303
0 0.792071 0.494892 0.00901423 0.0749902
0 0.159262 0.537851 0.00875835 0.0431483
0 0.642341 0.824017 0.104702 0.351967
0 0.777568 0.491918 0.00923567 0.0939496
0 0.935036 0.515304 0.0628513 0.0558628
0 0.171504 0.450553 0.00332813 0.0120006
0 0.405631 0.583115 0.00321789 0.00961787
0 0.398255 0.534803 0.00526266 0.0405434
0 0.516226 0.577655 0.0292494 0.0589827
