0 0.16965 0.510885 0.0254845 0.243997
0 0.387615 0.511413 0.0250407 0.195971
0 0.791315 0.487905 0.00837698 0.0838108
0 0.643411 0.824472 0.103601 0.351056
0 0.516216 0.57762 0.0292739 0.0590233
0 0.822176 0.574142 0.00957718 0.0416145
0 0.849574 0.49591 0.0115765 0.110583
0 0.777563 0.491189 0.00905428 0.0967952
0 0.176004 0.541067 0.0080682 0.0421466
0 0.934958 0.515137 0.062878 0.0563938
0 0.17787 0.471256 0.00371163 0.014965
0 0.402475 0.583434 0.0023386 0.00853882
0 0.397616 0.526882 0.00462828 0.0341158
0 0.767229 0.493004 0.00990334 0.105626
