0 0.169657 0.511301 0.0256766 0.242948
0 0.387697 0.512648 0.0247326 0.193208
0 0.791304 0.487874 0.00838737 0.0843264
0 0.64355 0.824761 0.103186 0.350477
0 0.822175 0.574103 0.00957127 0.0417187
0 0.935004 0.515154 0.06306 0.0565118
0 0.849624 0.495906 0.0111557 0.110319
0 0.777539 0.491025 0.00905418 0.0972017
0 0.178054 0.541714 0.00867782 0.0458125
0 0.397801 0.5301 0.0045898 0.0347821
0 0.516214 0.577614 0.029218 0.0588696
0 0.767221 0.493092 0.00988264 0.105481
0 0.177731 0.473222 0.0031847 0.0147739
0 0.402182 0.584075 0.00245895 0.00814506
