0 0.176147 0.510357 0.0269174 0.241686
0 0.389334 0.522693 0.0242945 0.170851
0 0.64435 0.824568 0.103413 0.350863
0 0.791012 0.489772 0.00821543 0.0875127
0 0.848927 0.499095 0.0128773 0.10305
0 0.822199 0.573993 0.00957603 0.0415405
0 0.777359 0.490531 0.00919571 0.0967885
0 0.190955 0.537057 0.00946259 0.0366481
0 0.516291 0.577653 0.0294064 0.0592111
0 0.190275 0.530923 0.0109601 0.0496353
0 0.935086 0.515222 0.0628864 0.0560706
0 0.40077 0.583464 0.00240221 0.00830265
0 0.495787 0.570727 0.00812492 0.0609982
