0 0.794962 0.587529 0.0784664 0.694903
0 0.347897 0.50523 0.0206321 0.20346
0 0.137505 0.509952 0.0221049 0.232655
0 0.645128 0.821936 0.104783 0.356128
0 0.849817 0.497603 0.0117437 0.105502
0 0.516282 0.577582 0.029072 0.0591009
0 0.385696 0.487428 0.0101729 0.0858292
0 0.934836 0.5151 0.0625469 0.0561669
0 0.833258 0.658741 0.0121193 0.0918732
0 0.125845 0.533024 0.00936627 0.0434233
0 0.339526 0.52901 0.00239086 0.0407928
0 0.379966 0.456246 0.0132823 0.0255773
0 0.143491 0.522606 0.00330567 0.0126824
0 0.831528 0.633788 0.0155582 0.143044
