0 0.792845 0.567369 0.0746427 0.651922
0 0.137484 0.509308 0.0220662 0.234388
0 0.347962 0.505306 0.0209404 0.203512
0 0.645578 0.821173 0.105562 0.357655
0 0.849713 0.498404 0.0118832 0.104315
0 0.934792 0.515098 0.0624487 0.0560394
0 0.829036 0.644374 0.0102959 0.0844077
0 0.339743 0.52856 0.00264568 0.0405241
0 0.126012 0.532263 0.00933995 0.0438753
0 0.386194 0.488168 0.0105706 0.08514
0 0.516234 0.577509 0.0289268 0.0589569
0 0.826445 0.623915 0.0157017 0.126216
0 0.374596 0.456492 0.00401187 0.0145493
0 0.144791 0.505091 0.00273213 0.0133637
