0 0.347551 0.504384 0.020865 0.198368
0 0.140011 0.511754 0.0229474 0.226696
0 0.934814 0.515156 0.0627789 0.0562998
0 0.644827 0.824646 0.104157 0.350709
0 0.383882 0.483614 0.00823107 0.0859355
0 0.851111 0.494878 0.0118267 0.112129
0 0.516262 0.577586 0.0291508 0.0588814
0 0.128119 0.47093 0.00758901 0.0325489
0 0.33845 0.525545 0.00388856 0.03638
0 0.835473 0.653001 0.00601902 0.070079
0 0.132431 0.523157 0.00341015 0.012173
0 0.809498 0.628574 0.0721807 0.741749
0 0.798307 0.545863 0.0964509 0.772943
0 0.838178 0.636673 0.0118912 0.105374
