0 0.793667 0.57769 0.0765792 0.673955
0 0.34796 0.505226 0.0206868 0.203593
0 0.137493 0.509788 0.022192 0.233369
0 0.645567 0.821661 0.105698 0.356678
0 0.849804 0.497888 0.0119223 0.104936
0 0.934786 0.515052 0.0624161 0.0559831
0 0.831534 0.652689 0.0111866 0.0867159
0 0.385845 0.487707 0.010428 0.0854124
0 0.125804 0.533154 0.0092989 0.043916
0 0.516267 0.577562 0.0289633 0.0588237
0 0.339633 0.52888 0.00256071 0.0399176
0 0.380008 0.457998 0.0144095 0.0259188
0 0.144137 0.515541 0.00323486 0.0131034
0 0.382359 0.488212 0.0175397 0.0867789
0 0.829707 0.628278 0.0148048 0.135833
