0 0.791603 0.559976 0.0728787 0.636832
0 0.348073 0.505339 0.0213264 0.202937
0 0.137687 0.510872 0.0222309 0.236188
0 0.645037 0.820706 0.106172 0.358589
0 0.934776 0.515142 0.0624451 0.0564874
0 0.849675 0.4987 0.0119198 0.102535
0 0.339798 0.528216 0.00298595 0.0405897
0 0.125876 0.533034 0.00837212 0.0409261
0 0.826586 0.633168 0.0092186 0.0758487
0 0.386228 0.488243 0.0110594 0.0879879
0 0.824352 0.617851 0.013287 0.107085
0 0.378329 0.469991 0.0104556 0.0161787
0 0.516225 0.57755 0.0289434 0.0589223
