0 0.791525 0.559793 0.0729388 0.636493
0 0.137851 0.511131 0.0223832 0.237082
0 0.348153 0.505322 0.0215185 0.203464
0 0.934786 0.515147 0.0624275 0.0564162
0 0.645162 0.820709 0.106311 0.358582
0 0.84967 0.498712 0.0119183 0.102546
0 0.12589 0.533685 0.00786605 0.0409035
0 0.339832 0.527789 0.00307631 0.0411943
0 0.379125 0.476589 0.00983953 0.0132665
0 0.386055 0.488319 0.0113958 0.0891917
0 0.826564 0.633208 0.00918007 0.075873
0 0.824327 0.617494 0.0132526 0.108006
0 0.516231 0.577545 0.02896 0.0589028
