0 0.79144 0.559724 0.0728077 0.63638
0 0.138384 0.511384 0.0233267 0.237384
0 0.348181 0.505424 0.0215999 0.203424
0 0.645277 0.820718 0.106153 0.358565
0 0.934788 0.515173 0.0624207 0.0564089
0 0.849661 0.498738 0.0119015 0.102451
0 0.385979 0.487863 0.0110816 0.088066
0 0.125867 0.534622 0.00725489 0.0391563
0 0.380522 0.481689 0.00870924 0.016989
0 0.33972 0.526819 0.00312557 0.0372589
0 0.826536 0.633283 0.00911217 0.0757651
0 0.82453 0.615982 0.0131014 0.110498
0 0.516225 0.57759 0.0289623 0.058974
