0 0.784596 0.539537 0.0528791 0.500704
0 0.348793 0.50586 0.0226937 0.207666
0 0.934896 0.515034 0.0626499 0.0560754
0 0.135749 0.509701 0.0256603 0.246154
0 0.643507 0.818937 0.106804 0.362127
0 0.822177 0.573562 0.00946903 0.0430923
0 0.124695 0.528444 0.00757444 0.0283866
0 0.848791 0.510571 0.012281 0.0817652
0 0.806049 0.574021 0.00566425 0.0620431
0 0.389723 0.485435 0.00826135 0.0921302
0 0.340195 0.531572 0.00308976 0.0418367
0 0.395857 0.454425 0.0042285 0.0147086
0 0.391415 0.48605 0.0116743 0.0903244
0 0.516295 0.577602 0.0292 0.0590441
