0 0.789213 0.547953 0.0519247 0.463675
0 0.348039 0.506596 0.025277 0.209949
0 0.135314 0.51025 0.0225551 0.243458
0 0.934878 0.515132 0.0626482 0.0558031
0 0.516271 0.577527 0.0292913 0.0588397
0 0.641528 0.814251 0.106446 0.371498
0 0.390072 0.485759 0.00780234 0.092885
0 0.822192 0.573366 0.00969276 0.0432757
0 0.813584 0.590648 0.0085495 0.0834039
0 0.127824 0.507768 0.00727124 0.021863
0 0.339356 0.534644 0.00431738 0.0425347
0 0.845834 0.508157 0.0150333 0.0870001
0 0.144192 0.514836 0.00355506 0.0146805
0 0.395662 0.484945 0.00480289 0.0154431
0 0.848204 0.510041 0.01021 0.0829646
