0 0.788559 0.548803 0.0533323 0.472678
0 0.934998 0.515109 0.0628319 0.0560237
0 0.348194 0.506983 0.0251504 0.209497
0 0.135182 0.510224 0.0228385 0.24462
0 0.51628 0.577483 0.02927 0.0587847
0 0.822158 0.573285 0.00975494 0.0431768
0 0.640977 0.814286 0.105831 0.371429
0 0.390534 0.48589 0.00880532 0.0940821
0 0.812515 0.591921 0.00750122 0.0757624
0 0.339394 0.533535 0.00415735 0.0447235
0 0.846436 0.508027 0.0151749 0.0866755
0 0.127425 0.511199 0.00749271 0.0232352
0 0.396381 0.480596 0.00499649 0.0131349
