0 0.784653 0.539591 0.0529991 0.500491
0 0.348706 0.506649 0.0236584 0.209294
0 0.935034 0.515105 0.0627661 0.0560801
0 0.643761 0.818969 0.1071 0.362061
0 0.134844 0.509592 0.0239285 0.245521
0 0.822173 0.573573 0.00945702 0.0430189
0 0.38953 0.48552 0.00742164 0.091617
0 0.125284 0.522301 0.00755522 0.0254111
0 0.848581 0.510503 0.0127155 0.0819668
0 0.806018 0.573908 0.00568218 0.0622699
0 0.516294 0.577513 0.0293019 0.0588966
0 0.340254 0.534336 0.00311599 0.0407033
0 0.145458 0.445864 0.00411425 0.0422936
