0 0.790027 0.546452 0.0502756 0.457327
0 0.347685 0.506408 0.0257334 0.210649
0 0.641883 0.814224 0.108557 0.371552
0 0.13537 0.510657 0.0221169 0.242993
0 0.934895 0.515234 0.0625921 0.055504
0 0.845326 0.504352 0.0149742 0.0943624
0 0.516291 0.577507 0.0292534 0.0588399
0 0.389797 0.486436 0.00749121 0.0924783
0 0.822197 0.573405 0.00968437 0.0432405
0 0.338806 0.534514 0.00469389 0.0431825
0 0.814308 0.589702 0.0100796 0.0838194
0 0.129415 0.500072 0.00767522 0.0201579
0 0.144037 0.568268 0.00340018 0.0148624
