0 0.789745 0.547413 0.0512308 0.460864
0 0.3479 0.506488 0.0255223 0.210341
0 0.934973 0.5152 0.0627838 0.0559914
0 0.13527 0.510514 0.0224044 0.243489
0 0.64153 0.814253 0.107874 0.371494
0 0.845379 0.505244 0.0152752 0.093136
0 0.822224 0.573482 0.00967751 0.0429776
0 0.389737 0.486391 0.00725679 0.0927999
0 0.814219 0.591844 0.00945663 0.081776
0 0.339126 0.534904 0.004533 0.0428706
0 0.12835 0.504352 0.00824204 0.021236
0 0.516278 0.577478 0.0292667 0.0589383
0 0.144019 0.540032 0.00327981 0.0120958
0 0.394317 0.491719 0.00414476 0.0145361
