0 0.790631 0.546231 0.0499032 0.456734
0 0.347359 0.506532 0.0260532 0.21079
0 0.64189 0.814413 0.109105 0.371175
0 0.935016 0.515206 0.0627644 0.0558606
0 0.135587 0.510981 0.0214953 0.243846
0 0.845281 0.504251 0.0150578 0.0952538
0 0.389527 0.486613 0.00712404 0.0921424
0 0.516292 0.577505 0.0292298 0.0588046
0 0.822215 0.573331 0.00968628 0.0430935
0 0.815291 0.59775 0.00831261 0.0656094
0 0.144249 0.59455 0.00329309 0.0135278
0 0.130511 0.494163 0.00798121 0.018208
0 0.814425 0.588413 0.0100889 0.0845765
