0 0.784601 0.539523 0.0528851 0.500397
0 0.348852 0.506267 0.0230209 0.208105
0 0.935016 0.515065 0.0628258 0.0561818
0 0.135166 0.51102 0.0245407 0.244246
0 0.643938 0.818966 0.107354 0.362068
0 0.822176 0.573597 0.00946655 0.042936
0 0.124997 0.525624 0.00750904 0.0270304
0 0.389785 0.485481 0.00804639 0.0917945
0 0.848664 0.510451 0.0125298 0.0820035
0 0.145552 0.425696 0.00366051 0.0135412
0 0.806046 0.573995 0.00566444 0.0620879
0 0.396554 0.456192 0.00414534 0.0142331
0 0.340135 0.533504 0.00316553 0.0402281
0 0.391862 0.486037 0.0121651 0.090499
