0 0.791777 0.528649 0.0416916 0.416851
0 0.34548 0.507222 0.0265569 0.209314
0 0.136299 0.510988 0.0220715 0.244741
0 0.642099 0.805299 0.111352 0.389402
0 0.845668 0.499334 0.0136868 0.105459
0 0.386641 0.485891 0.0138525 0.092555
0 0.138829 0.464414 0.0074214 0.0316003
0 0.822249 0.573197 0.00966606 0.0436625
0 0.934938 0.515159 0.0628067 0.056506
0 0.336344 0.536955 0.004497 0.0432617
0 0.145193 0.528674 0.00350318 0.0132356
0 0.516312 0.577823 0.0291024 0.0590338
0 0.377981 0.49151 0.00536995 0.01523
0 0.378668 0.49047 0.00674944 0.0174606
0 0.809361 0.556293 0.00650272 0.0558941
0 0.144869 0.520983 0.00414581 0.0291463
