0 0.791404 0.527971 0.0442598 0.418017
0 0.345812 0.507089 0.0266476 0.209959
0 0.135882 0.51051 0.0214337 0.244557
0 0.641639 0.811838 0.11008 0.376325
0 0.845505 0.500493 0.0139204 0.103093
0 0.822244 0.573105 0.00967598 0.0437013
0 0.387671 0.486472 0.0123416 0.0921105
0 0.137161 0.466314 0.00784249 0.0296324
0 0.336921 0.537064 0.00435896 0.0422815
0 0.516238 0.577706 0.0289553 0.0590239
0 0.934782 0.515203 0.0626053 0.0566362
0 0.812534 0.570948 0.00742187 0.0530914
0 0.145065 0.552984 0.0033453 0.0150779
0 0.380135 0.495221 0.00604401 0.0166384
0 0.811752 0.56379 0.00926018 0.0665827
