0 0.791074 0.52813 0.0452076 0.418143
0 0.345998 0.506903 0.0264006 0.21029
0 0.135715 0.51103 0.021316 0.243912
0 0.641614 0.813344 0.11078 0.373312
0 0.934723 0.515247 0.0626438 0.0567605
0 0.388043 0.487145 0.0114752 0.0911553
0 0.845389 0.500765 0.014175 0.102713
0 0.822287 0.573117 0.00968208 0.0438238
0 0.136479 0.469428 0.00803242 0.0275452
0 0.337039 0.53705 0.00422821 0.0413694
0 0.144843 0.568727 0.00310817 0.0127257
0 0.813352 0.578024 0.00727577 0.0568248
0 0.381071 0.496063 0.00563345 0.016974
0 0.51633 0.577697 0.0291149 0.0590724
0 0.811725 0.56879 0.0104889 0.0751188
