0 0.791656 0.529369 0.040657 0.414251
0 0.345314 0.507063 0.0264727 0.209657
0 0.13674 0.511224 0.0224253 0.24358
0 0.640626 0.799501 0.108944 0.400998
0 0.845548 0.49907 0.0139141 0.105836
0 0.140046 0.467371 0.00773206 0.0299228
0 0.934946 0.515142 0.0628059 0.0563622
0 0.386704 0.48628 0.0134991 0.0920496
0 0.822223 0.573258 0.00970345 0.0437042
0 0.335993 0.536967 0.00446215 0.0426481
0 0.145492 0.518077 0.00337768 0.0139506
0 0.808677 0.551472 0.00508881 0.0507155
0 0.516312 0.577889 0.0291115 0.0589556
