0 0.790932 0.529633 0.0466413 0.420967
0 0.135629 0.51113 0.0215389 0.244007
0 0.346285 0.506848 0.0263609 0.210574
0 0.641541 0.81407 0.11042 0.371859
0 0.388556 0.486955 0.00980353 0.0909469
0 0.84539 0.501628 0.0143267 0.100468
0 0.822283 0.573056 0.00967827 0.0438716
0 0.144732 0.58539 0.00316858 0.0136424
0 0.814082 0.583536 0.00773048 0.0629117
0 0.337359 0.53645 0.00442448 0.0428238
0 0.812525 0.572919 0.0111324 0.084738
0 0.135166 0.472733 0.00865834 0.0219443
0 0.934932 0.515321 0.0627911 0.0564501
