0 0.791531 0.530512 0.0394695 0.411815
0 0.639803 0.792736 0.106059 0.414528
0 0.345078 0.507123 0.0264269 0.209592
0 0.13709 0.511407 0.0225533 0.243998
0 0.84581 0.498726 0.0134762 0.106344
0 0.388432 0.486234 0.0097898 0.0922806
0 0.82222 0.573164 0.00970116 0.043742
0 0.145812 0.508102 0.00327046 0.012952
0 0.33556 0.536371 0.0043705 0.0434375
0 0.5163 0.577849 0.0291483 0.0589912
0 0.934862 0.515149 0.0626652 0.0561408
0 0.379585 0.480519 0.0098309 0.0289957
0 0.141411 0.473533 0.00990529 0.0270468
