0 0.791001 0.533219 0.0473757 0.427371
0 0.135678 0.511266 0.0217479 0.243326
0 0.346585 0.5067 0.0263062 0.210867
0 0.641564 0.814401 0.110154 0.371198
0 0.388794 0.486841 0.00873346 0.0911411
0 0.845325 0.502165 0.0145996 0.0995097
0 0.337814 0.536984 0.00408487 0.0416375
0 0.822301 0.573248 0.00968971 0.0435166
0 0.144571 0.601723 0.00315862 0.0123206
0 0.814497 0.588931 0.00857887 0.0676437
0 0.8129 0.577383 0.0119453 0.0912513
0 0.934867 0.51536 0.0626163 0.0562524
0 0.516319 0.577701 0.0291757 0.0592243
