0 0.792349 0.528049 0.0415605 0.418106
0 0.345642 0.507064 0.0265771 0.209708
0 0.641701 0.810038 0.111303 0.379925
0 0.135991 0.510887 0.0217958 0.244555
0 0.845566 0.499493 0.0138325 0.105364
0 0.387238 0.486131 0.0132663 0.0919481
0 0.822242 0.573148 0.0096653 0.0437225
0 0.137842 0.464141 0.00799384 0.0316255
0 0.934859 0.515219 0.0627708 0.056566
0 0.336595 0.537368 0.00436096 0.0430924
0 0.516301 0.577842 0.0290831 0.0590856
0 0.145262 0.540111 0.00320339 0.0127811
0 0.811279 0.565018 0.0062458 0.0519094
0 0.379022 0.492888 0.00643301 0.0158888
0 0.810481 0.557981 0.00800133 0.0666247
