0 0.644427 0.754574 0.107921 0.490852
0 0.791246 0.535598 0.0373688 0.396134
0 0.344976 0.507587 0.025976 0.210081
0 0.138095 0.512539 0.0213835 0.240208
0 0.84642 0.497773 0.0121086 0.10868
0 0.385204 0.485798 0.0146976 0.0939067
0 0.934991 0.515292 0.0629234 0.0562411
0 0.142131 0.511754 0.0129251 0.0312262
0 0.334754 0.535326 0.00352263 0.0416155
0 0.150211 0.573044 0.00330291 0.0125041
0 0.822195 0.573153 0.0096653 0.04389
0 0.377798 0.477493 0.0115132 0.0246212
0 0.375791 0.484435 0.00764847 0.0105165
