0 0.79164 0.532306 0.0387662 0.407701
0 0.641754 0.783942 0.110329 0.432117
0 0.344901 0.507079 0.0261747 0.20967
0 0.137541 0.512433 0.022892 0.240625
0 0.846065 0.498676 0.0131466 0.106472
0 0.335266 0.535734 0.00402074 0.0430361
0 0.822207 0.573103 0.00969639 0.0439405
0 0.385819 0.48605 0.0148046 0.0934648
0 0.388447 0.486224 0.0094677 0.0933451
0 0.145824 0.50123 0.00387898 0.0133335
0 0.935038 0.515302 0.0628059 0.055946
0 0.378507 0.478944 0.0111361 0.0280089
0 0.516275 0.577947 0.02907 0.0588279
