0 0.645529 0.744965 0.107378 0.510071
0 0.790913 0.535208 0.0372589 0.390166
0 0.344931 0.507673 0.0258331 0.210642
0 0.138293 0.512473 0.02095 0.240406
0 0.846294 0.497601 0.0118227 0.10871
0 0.385084 0.48594 0.0144851 0.0941008
0 0.934946 0.515204 0.0629993 0.0562156
0 0.152005 0.604659 0.0032284 0.0134819
0 0.142554 0.516671 0.0109905 0.0306615
0 0.334623 0.5355 0.00297751 0.0409025
0 0.82217 0.573186 0.00962677 0.0438941
0 0.140467 0.513929 0.0149768 0.0364994
0 0.375872 0.483948 0.00706758 0.0102878
0 0.377872 0.47801 0.0110014 0.0220028
0 0.516263 0.578053 0.0290139 0.0592774
