0 0.643645 0.76452 0.108287 0.47096
0 0.791628 0.534946 0.0377559 0.400415
0 0.344894 0.507277 0.0259671 0.20969
0 0.138121 0.512627 0.0223789 0.240688
0 0.846282 0.498292 0.0127579 0.107886
0 0.143107 0.506906 0.012717 0.0229911
0 0.385354 0.486175 0.015003 0.0939869
0 0.334977 0.535658 0.00339136 0.0417092
0 0.935 0.515258 0.0627876 0.0561323
0 0.388159 0.486122 0.00926466 0.0933863
0 0.148607 0.540419 0.00303388 0.0124356
0 0.82219 0.573226 0.00963898 0.0437239
0 0.37819 0.477198 0.0114567 0.0262977
