0 0.646011 0.736637 0.10846 0.526727
0 0.790505 0.535138 0.036617 0.386888
0 0.344957 0.507889 0.0259356 0.210341
0 0.138651 0.512529 0.0201101 0.240918
0 0.846295 0.497825 0.0118771 0.108706
0 0.934977 0.515257 0.0629824 0.0560551
0 0.384875 0.486324 0.0145761 0.0938883
0 0.141879 0.517399 0.0114096 0.032186
0 0.516219 0.578024 0.0291228 0.0596163
0 0.334639 0.535206 0.00296912 0.0417908
0 0.822212 0.573088 0.00974617 0.044124
0 0.375668 0.484569 0.00645413 0.0102433
0 0.153327 0.623398 0.00287333 0.0106591
