0 0.644372 0.697351 0.0990673 0.605298
0 0.788585 0.527214 0.0373673 0.368874
0 0.34487 0.508088 0.0258104 0.210308
0 0.140321 0.51193 0.0196463 0.242511
0 0.846294 0.497939 0.0121201 0.10877
0 0.138722 0.524962 0.00976372 0.0289107
0 0.384559 0.48695 0.0144564 0.0926845
0 0.822211 0.57321 0.00969143 0.0437881
0 0.934868 0.515196 0.0628738 0.0561081
0 0.155485 0.546723 0.00347667 0.0123652
0 0.335337 0.534766 0.0029953 0.0402968
0 0.516215 0.578085 0.0291405 0.0593662
0 0.375715 0.489962 0.00595555 0.0128177
