0 0.649891 0.623581 0.0799397 0.752838
0 0.7886 0.522652 0.0371981 0.352919
0 0.144821 0.51093 0.0263417 0.243799
0 0.344563 0.507782 0.0255276 0.211412
0 0.934775 0.514816 0.0624575 0.0558344
0 0.384887 0.486768 0.010788 0.093974
0 0.846177 0.495894 0.0120396 0.111948
0 0.822336 0.574078 0.00983162 0.0422698
0 0.131734 0.537173 0.00802383 0.0408535
0 0.336754 0.537735 0.00567555 0.0412226
0 0.160766 0.453822 0.00330477 0.0122816
0 0.80386 0.558341 0.00549545 0.0642195
0 0.516394 0.577629 0.0294472 0.0588726
0 0.37841 0.49612 0.00672927 0.0191509
