0 0.648806 0.631862 0.0800272 0.736276
0 0.788564 0.521283 0.0372435 0.354812
0 0.144217 0.510916 0.0251294 0.243885
0 0.344621 0.507865 0.0256283 0.211874
0 0.934815 0.514849 0.0625063 0.0558967
0 0.822308 0.573543 0.00977745 0.0429755
0 0.384851 0.487653 0.0110447 0.092826
0 0.846118 0.496144 0.0120277 0.11123
0 0.132058 0.537342 0.00796127 0.0395696
0 0.336402 0.537698 0.00552745 0.0416068
0 0.803405 0.558161 0.00602913 0.0645085
0 0.160206 0.461396 0.00340114 0.0123289
0 0.516386 0.577713 0.0294365 0.0588462
0 0.378483 0.494365 0.00653372 0.0186995
