0 0.146137 0.51098 0.0286551 0.246032
0 0.789106 0.523877 0.037204 0.349272
0 0.651435 0.608372 0.0786516 0.771579
0 0.344491 0.507977 0.0255404 0.211262
0 0.846337 0.4954 0.0125902 0.113597
0 0.822338 0.574055 0.00981579 0.0421648
0 0.384455 0.487671 0.0100457 0.0944872
0 0.934752 0.514946 0.0627981 0.0558329
0 0.131896 0.536662 0.00826912 0.0420942
0 0.516329 0.577559 0.0294413 0.0588755
0 0.336582 0.537755 0.00642872 0.0440708
0 0.162189 0.442861 0.00334358 0.0126296
0 0.805232 0.558487 0.00611763 0.0576936
