0 0.647426 0.63976 0.0822249 0.72048
0 0.788329 0.520596 0.0375538 0.356014
0 0.143723 0.510401 0.0237124 0.245236
0 0.344702 0.507857 0.0256179 0.21175
0 0.385041 0.486809 0.0114841 0.0942179
0 0.934747 0.514816 0.0625183 0.0560381
0 0.845833 0.496423 0.012182 0.110998
0 0.822307 0.573522 0.00977592 0.0430064
0 0.132398 0.537046 0.00790505 0.0380635
0 0.336106 0.536974 0.00513706 0.0419263
0 0.159405 0.470048 0.00351913 0.0126388
0 0.80299 0.557889 0.00651169 0.0645276
0 0.731981 0.403489 0.0117379 0.0327982
