0 0.650528 0.61697 0.0795088 0.763702
0 0.788909 0.523442 0.0373666 0.351068
0 0.145473 0.510888 0.0274968 0.244995
0 0.344569 0.507935 0.0255804 0.211066
0 0.934703 0.514953 0.0626583 0.0558851
0 0.846416 0.495636 0.0119204 0.113007
0 0.822379 0.574026 0.00988007 0.0424403
0 0.38464 0.487286 0.010058 0.0945892
0 0.516379 0.577553 0.0296008 0.0590561
0 0.131739 0.536559 0.00806298 0.0424166
0 0.336663 0.537463 0.00663986 0.0433831
0 0.161499 0.447856 0.0034842 0.0127349
0 0.804271 0.559176 0.00601616 0.0622414
0 0.37844 0.496394 0.00621877 0.0187504
