0 0.789076 0.524608 0.0361172 0.333559
0 0.151013 0.511357 0.0333482 0.248669
0 0.660019 0.504513 0.0758133 0.652507
0 0.344171 0.50799 0.0251273 0.210442
0 0.382388 0.487173 0.00997934 0.0963391
0 0.84597 0.494847 0.0113857 0.114827
0 0.822338 0.57342 0.00981865 0.0432603
0 0.135326 0.537172 0.00775127 0.0435126
0 0.336079 0.538364 0.00758181 0.0445433
0 0.166639 0.437225 0.00339539 0.0128176
0 0.80694 0.562136 0.00745392 0.0549427
0 0.659845 0.628736 0.0747491 0.742528
0 0.51638 0.577615 0.0295807 0.0589227
