0 0.788992 0.525634 0.0372865 0.34347
0 0.146752 0.510599 0.0296688 0.24831
0 0.652097 0.604271 0.0782884 0.785582
0 0.344403 0.508163 0.025457 0.210628
0 0.845968 0.495047 0.0134081 0.114044
0 0.822317 0.574265 0.00976639 0.0417695
0 0.3842 0.486643 0.0100671 0.0957848
0 0.934797 0.514989 0.0626646 0.0558489
0 0.132251 0.536705 0.00817122 0.041481
0 0.336573 0.538231 0.00646896 0.0443414
0 0.805855 0.561113 0.00637531 0.0559711
0 0.163006 0.438643 0.00352221 0.0132145
0 0.516344 0.577571 0.029348 0.0588094
0 0.840051 0.497013 0.0061451 0.0256329
