0 0.788869 0.525388 0.0373758 0.341948
0 0.147394 0.51072 0.0306324 0.249138
0 0.653111 0.597851 0.0778135 0.794404
0 0.344381 0.50799 0.0256036 0.210375
0 0.846215 0.495095 0.0129864 0.114066
0 0.383809 0.486943 0.0098032 0.0948349
0 0.822327 0.573805 0.00978851 0.0427061
0 0.132697 0.536635 0.00836592 0.0412201
0 0.934755 0.514947 0.0625057 0.0560808
0 0.336378 0.538067 0.00655861 0.0450655
0 0.806507 0.562215 0.00664577 0.0552999
0 0.163703 0.436077 0.00347247 0.0135457
0 0.516317 0.577709 0.0294118 0.0589389
