0 0.149259 0.511236 0.0323625 0.24981
0 0.788839 0.524352 0.0372734 0.336062
0 0.344202 0.507831 0.025208 0.210501
0 0.656461 0.524909 0.0769197 0.675136
0 0.846305 0.494717 0.0123377 0.114703
0 0.383209 0.486657 0.00956583 0.0968774
0 0.822314 0.573782 0.00974999 0.0426442
0 0.133829 0.536092 0.00802465 0.0426936
0 0.335959 0.537683 0.00759983 0.0458382
0 0.807118 0.56333 0.00724888 0.052838
0 0.165261 0.434688 0.00340276 0.0129977
0 0.516318 0.577567 0.0294458 0.0587348
0 0.934668 0.515032 0.0620682 0.0558173
