0 0.14831 0.510855 0.0315281 0.249126
0 0.789024 0.524655 0.0376283 0.338887
0 0.344355 0.507912 0.025421 0.210278
0 0.654562 0.595471 0.0776518 0.801563
0 0.846339 0.494909 0.0125689 0.114356
0 0.383459 0.486528 0.00972471 0.0965634
0 0.822326 0.573833 0.00974617 0.0425478
0 0.13326 0.536161 0.00831413 0.042067
0 0.336112 0.538084 0.00700612 0.0459952
0 0.164489 0.434664 0.00341687 0.0126587
0 0.806776 0.562254 0.00726852 0.0544976
0 0.934686 0.515009 0.0622917 0.0558609
0 0.516314 0.577569 0.0294175 0.0587419
0 0.841167 0.49868 0.0051815 0.025825
0 0.840933 0.510539 0.00508766 0.0469477
