0 0.787948 0.515771 0.0345926 0.315529
0 0.15459 0.511366 0.0351114 0.249755
0 0.34384 0.508033 0.0251304 0.210183
0 0.846235 0.494565 0.0110672 0.114761
0 0.381228 0.488905 0.0114243 0.0935301
0 0.822282 0.573387 0.00974293 0.0433146
0 0.138676 0.54088 0.00781717 0.046344
0 0.33617 0.538765 0.0074872 0.0432627
0 0.934855 0.51492 0.0623302 0.0559289
0 0.169376 0.456769 0.00340581 0.0116448
0 0.374951 0.502027 0.00501423 0.0201107
0 0.671812 0.633779 0.0861986 0.732442
0 0.804229 0.559394 0.00589218 0.0621029
0 0.666183 0.549993 0.074604 0.734342
0 0.704742 0.599082 0.0226406 0.0846883
0 0.516319 0.577475 0.0292686 0.058363
