0 0.788644 0.517854 0.0345659 0.319397
0 0.15372 0.511624 0.0347161 0.248223
0 0.343853 0.507841 0.0253226 0.210518
0 0.38142 0.488074 0.0114004 0.0952418
0 0.846092 0.494516 0.0107746 0.114842
0 0.822246 0.573516 0.00965653 0.0431556
0 0.137748 0.539991 0.0077482 0.0449359
0 0.665606 0.551749 0.0726986 0.742381
0 0.336113 0.538575 0.00777349 0.0436467
0 0.934879 0.514983 0.0625832 0.0558626
0 0.701217 0.622584 0.0210112 0.0857091
0 0.37551 0.500931 0.00546618 0.0224683
0 0.168775 0.450485 0.00339847 0.0117845
0 0.669314 0.636877 0.0831996 0.726247
0 0.731913 0.403422 0.0112925 0.0328393
0 0.804333 0.561065 0.00574875 0.0585031
