0 0.786402 0.51637 0.0284119 0.309454
0 0.159275 0.510593 0.0317397 0.250831
0 0.681635 0.599326 0.0805843 0.801348
0 0.343844 0.508278 0.024689 0.210192
0 0.846668 0.496431 0.0120977 0.110868
0 0.822262 0.573605 0.0097147 0.0427155
0 0.730241 0.514003 0.0231949 0.0731214
0 0.148243 0.54259 0.00859571 0.0435152
0 0.336791 0.539741 0.00687037 0.0438525
0 0.378211 0.495402 0.011787 0.0829773
0 0.934891 0.515048 0.0625074 0.0558711
0 0.172803 0.480651 0.00494809 0.014788
0 0.516379 0.577493 0.0293576 0.058255
