0 0.683879 0.599666 0.0811792 0.800668
0 0.786182 0.519216 0.0278465 0.303782
0 0.159905 0.510568 0.0313835 0.251119
0 0.343829 0.50825 0.0245399 0.210323
0 0.733275 0.50671 0.0225361 0.0736248
0 0.846618 0.496843 0.0120827 0.110146
0 0.822231 0.573675 0.00964813 0.0425459
0 0.149894 0.541812 0.00887051 0.040401
0 0.336784 0.539691 0.00671129 0.0439718
0 0.378078 0.495058 0.0117478 0.0832408
0 0.516385 0.577418 0.0294149 0.0584385
0 0.842453 0.498752 0.0065855 0.0227598
0 0.93491 0.515124 0.0623219 0.0560615
0 0.173139 0.477781 0.00494294 0.0145515
