0 0.787847 0.514393 0.0331162 0.314204
0 0.155997 0.510645 0.0348119 0.25051
0 0.343834 0.508028 0.0250062 0.210174
0 0.677901 0.594389 0.0854555 0.811221
0 0.846367 0.494629 0.0111797 0.114539
0 0.380531 0.490972 0.011988 0.0903961
0 0.822286 0.57343 0.00973015 0.0431276
0 0.140799 0.542372 0.00769939 0.0470832
0 0.93476 0.514958 0.0624218 0.0558801
0 0.336153 0.538925 0.00747023 0.0441618
0 0.374758 0.505745 0.00438023 0.0201314
0 0.170811 0.474049 0.00352802 0.0146893
0 0.803206 0.559546 0.00559425 0.0608366
0 0.710625 0.556724 0.0262084 0.0787062
