0 0.688105 0.599889 0.0764458 0.800221
0 0.785561 0.519866 0.0281753 0.301996
0 0.160244 0.510371 0.0312521 0.250866
0 0.343847 0.508416 0.0244288 0.209992
0 0.846679 0.496719 0.0119354 0.110372
0 0.82222 0.573813 0.00963879 0.0424307
0 0.735753 0.501113 0.0223973 0.072318
0 0.151347 0.538959 0.00910034 0.0396245
0 0.33676 0.539732 0.0064888 0.043972
0 0.934902 0.515134 0.0626076 0.055845
0 0.173573 0.474283 0.00480647 0.0148753
0 0.377595 0.496147 0.0124005 0.0817668
0 0.516358 0.577456 0.0294754 0.0584482
0 0.84228 0.499493 0.00611515 0.0229077
