0 0.155484 0.51107 0.0351347 0.249764
0 0.787726 0.514631 0.0339177 0.314637
0 0.34387 0.508099 0.0250787 0.209931
0 0.846303 0.494688 0.01119 0.11485
0 0.380905 0.489574 0.0116494 0.0925008
0 0.822333 0.573291 0.00982513 0.0434221
0 0.139618 0.542443 0.0078022 0.0457859
0 0.934973 0.514898 0.0624857 0.0562539
0 0.675468 0.593343 0.0852575 0.813313
0 0.336061 0.538702 0.00744486 0.0434206
0 0.170091 0.464599 0.00322671 0.0118596
0 0.803744 0.560137 0.00548744 0.0600828
0 0.374922 0.503642 0.00426669 0.0181425
0 0.707274 0.576335 0.0255695 0.0795035
0 0.516316 0.577443 0.0292923 0.058496
