0 0.161956 0.511508 0.0291407 0.250578
0 0.782274 0.517345 0.0279955 0.28844
0 0.700147 0.599331 0.0744447 0.789581
0 0.344023 0.508098 0.0238476 0.210301
0 0.846879 0.499267 0.0124016 0.105946
0 0.822246 0.573808 0.00971622 0.042717
0 0.741997 0.471456 0.0166079 0.0791294
0 0.516362 0.577539 0.0295757 0.0591249
0 0.336553 0.540206 0.00412617 0.0402128
0 0.934826 0.515215 0.0625793 0.0561588
0 0.158541 0.494013 0.00936103 0.0182293
0 0.158162 0.496682 0.0110307 0.023928
0 0.37894 0.49222 0.0101962 0.0899548
