0 0.70589 0.611326 0.0731045 0.753833
0 0.344196 0.508253 0.0237215 0.210032
0 0.780996 0.511262 0.0286451 0.277502
0 0.162072 0.512398 0.0265121 0.248173
0 0.847607 0.497811 0.011338 0.108778
0 0.516374 0.57763 0.0296807 0.0595198
0 0.822272 0.574164 0.00973473 0.0423047
0 0.742715 0.471033 0.00855389 0.0782603
0 0.33621 0.542337 0.00378132 0.0421772
0 0.93499 0.515046 0.0628063 0.0559369
0 0.158161 0.492397 0.00814977 0.0194782
0 0.378714 0.506332 0.00884151 0.0614439
0 0.791426 0.533997 0.00487518 0.0436963
