0 0.780613 0.512049 0.0291408 0.274992
0 0.162547 0.513106 0.0258635 0.24698
0 0.344292 0.508356 0.0235951 0.21005
0 0.70854 0.604025 0.0693855 0.733627
0 0.847676 0.496757 0.0109175 0.11112
0 0.516358 0.57757 0.0296308 0.0594416
0 0.934922 0.514961 0.0631298 0.0563117
0 0.822247 0.573635 0.00970039 0.0432232
0 0.378617 0.506387 0.00907126 0.0608654
0 0.742599 0.475067 0.00764303 0.0771829
0 0.336221 0.543424 0.00413361 0.0434428
0 0.157681 0.498509 0.00989993 0.019827
0 0.791813 0.536646 0.00509663 0.0468291
