0 0.712405 0.59735 0.064006 0.716428
0 0.780103 0.513659 0.0301328 0.272141
0 0.344344 0.508336 0.0235511 0.210328
0 0.162693 0.512661 0.0256835 0.245759
0 0.847855 0.495871 0.0106083 0.113573
0 0.934973 0.515043 0.0630184 0.0562295
0 0.822252 0.573586 0.00973053 0.0433014
0 0.516356 0.577606 0.0296133 0.0595371
0 0.378523 0.506324 0.00901632 0.0609805
0 0.336448 0.543927 0.00452752 0.0446653
0 0.157803 0.501827 0.00955293 0.0185666
0 0.1735 0.460483 0.00403776 0.0159607
0 0.792982 0.542409 0.00491161 0.0427931
0 0.739255 0.494693 0.0123911 0.0801363
