0 0.161902 0.511596 0.0275695 0.250656
0 0.781761 0.511479 0.0272312 0.27727
0 0.344074 0.508196 0.0238179 0.210238
0 0.703525 0.610625 0.0753594 0.76627
0 0.847333 0.498246 0.0115906 0.10788
0 0.742382 0.470301 0.00950966 0.0797045
0 0.516371 0.57752 0.0295691 0.0591344
0 0.822266 0.573495 0.00977707 0.0433119
0 0.336317 0.540979 0.00422878 0.0419585
0 0.934831 0.515247 0.062532 0.0561609
0 0.158518 0.491552 0.00846918 0.0190621
0 0.791007 0.530605 0.00432978 0.0366571
0 0.842984 0.500884 0.00586243 0.0170753
0 0.671496 0.626803 0.0117819 0.0564867
