0 0.710278 0.599415 0.0674845 0.721388
0 0.344297 0.508307 0.0236295 0.210263
0 0.780327 0.512714 0.0295065 0.274095
0 0.162601 0.513595 0.0256058 0.245559
0 0.847765 0.496687 0.0107239 0.11192
0 0.822241 0.57377 0.00969162 0.0429887
0 0.378589 0.50634 0.0091033 0.0608708
0 0.516358 0.577537 0.0296246 0.0594009
0 0.336187 0.543523 0.00410395 0.0438894
0 0.934997 0.515039 0.0629627 0.0561191
0 0.792568 0.537774 0.004811 0.0483962
0 0.157601 0.499561 0.00936911 0.018159
0 0.742747 0.482677 0.00654087 0.076643
0 0.173196 0.451964 0.00463026 0.0215935
