0 0.719131 0.5667 0.0606926 0.647716
0 0.16133 0.512442 0.0214119 0.239972
0 0.344431 0.508502 0.0236063 0.210156
0 0.777816 0.50861 0.027986 0.257311
0 0.516359 0.577473 0.0295862 0.0588564
0 0.847992 0.493578 0.00986538 0.117047
0 0.822237 0.573534 0.0097065 0.0431059
0 0.170866 0.627111 0.00312743 0.0115414
0 0.337885 0.545344 0.00559378 0.041649
0 0.934905 0.514902 0.0626162 0.0565598
0 0.742609 0.612998 0.00377064 0.0668304
0 0.789891 0.53849 0.00495319 0.0393175
0 0.377638 0.498871 0.00925617 0.0743396
0 0.765622 0.519751 0.00658722 0.0542691
0 0.160196 0.497371 0.0128674 0.0197125
