0 0.718376 0.566543 0.0590783 0.649545
0 0.161499 0.512918 0.0218676 0.240576
0 0.777924 0.512411 0.028441 0.264073
0 0.344303 0.508574 0.0235878 0.21005
0 0.848221 0.49379 0.00957718 0.115969
0 0.822255 0.573699 0.0097126 0.0425435
0 0.377712 0.498849 0.00917759 0.0754918
0 0.337713 0.545164 0.00554032 0.0417798
0 0.51637 0.577546 0.0295055 0.0589834
0 0.159932 0.498686 0.0133689 0.0188343
0 0.170994 0.611518 0.00369182 0.0134535
0 0.791005 0.541046 0.00478182 0.0381043
0 0.9349 0.515014 0.0625332 0.0564979
0 0.765804 0.495413 0.00732822 0.102755
0 0.741843 0.605209 0.00485706 0.0817076
0 0.791244 0.491776 0.00755272 0.0922006
