0 0.717748 0.566914 0.0583475 0.652461
0 0.161784 0.513655 0.0226817 0.241628
0 0.779237 0.513802 0.0284925 0.263714
0 0.344352 0.508467 0.023552 0.209886
0 0.934991 0.515052 0.0629366 0.0561697
0 0.848138 0.494437 0.0097065 0.115714
0 0.822253 0.573581 0.00971718 0.0430759
0 0.337298 0.544415 0.00566192 0.0436762
0 0.158072 0.501354 0.00982649 0.0198525
0 0.377958 0.499478 0.00910893 0.0744462
0 0.792551 0.543387 0.00506363 0.0400431
0 0.171747 0.561877 0.00324492 0.0124572
0 0.74053 0.569108 0.00560837 0.0678257
0 0.516333 0.577723 0.0294724 0.0590683
