0 0.723733 0.573626 0.0637928 0.635395
0 0.774643 0.505489 0.0231304 0.254027
0 0.161634 0.51159 0.0201118 0.238614
0 0.344359 0.508547 0.0235892 0.210309
0 0.790593 0.489483 0.00863094 0.0866124
0 0.377615 0.492749 0.0113835 0.0881956
0 0.934956 0.51497 0.0630169 0.0563834
0 0.822214 0.57362 0.00965347 0.0426919
0 0.848723 0.493609 0.00951881 0.116912
0 0.516366 0.577561 0.0295244 0.0591871
0 0.338355 0.547196 0.0056016 0.0364473
0 0.169258 0.554006 0.00338995 0.0134327
0 0.749398 0.64101 0.00560923 0.120184
0 0.163051 0.474304 0.00922389 0.0214251
