0 0.718233 0.566276 0.0586666 0.650933
0 0.161753 0.513385 0.0223805 0.241033
0 0.778601 0.512792 0.028673 0.263726
0 0.344287 0.50862 0.0236495 0.210212
0 0.935019 0.514993 0.0629047 0.056307
0 0.848105 0.494021 0.00963821 0.116442
0 0.822257 0.573669 0.00971947 0.0429452
0 0.377794 0.498039 0.00935831 0.0769653
0 0.33748 0.544576 0.00567379 0.0430476
0 0.516352 0.577656 0.0294456 0.0589212
0 0.171334 0.586374 0.0034265 0.0139523
0 0.791967 0.543189 0.00519791 0.0406296
0 0.158345 0.499561 0.0101634 0.0184743
0 0.741379 0.583904 0.00507965 0.0698264
