0 0.719433 0.567775 0.0617659 0.646406
0 0.161396 0.512816 0.0211172 0.238735
0 0.777115 0.507869 0.0274216 0.256187
0 0.344367 0.50876 0.0236275 0.210169
0 0.93497 0.51501 0.0628168 0.0563266
0 0.848333 0.493384 0.00966835 0.117469
0 0.822235 0.573595 0.00969315 0.0429727
0 0.790999 0.488694 0.00785713 0.0848339
0 0.337983 0.544702 0.00576391 0.0423408
0 0.170459 0.60851 0.00321689 0.0128337
0 0.377607 0.499344 0.00933518 0.0739322
0 0.78844 0.535428 0.00529785 0.0417274
0 0.743453 0.616339 0.00507679 0.07852
0 0.516338 0.577573 0.0295872 0.0590359
0 0.765537 0.520821 0.00624971 0.0514686
