0 0.719948 0.568836 0.062361 0.643347
0 0.161481 0.512356 0.0212093 0.239452
0 0.776285 0.507145 0.0259203 0.257031
0 0.344368 0.508575 0.023542 0.210214
0 0.935005 0.514999 0.0629417 0.056458
0 0.516352 0.577539 0.029582 0.0592019
0 0.822229 0.573677 0.00967064 0.0427804
0 0.790796 0.489304 0.00853443 0.0863743
0 0.377555 0.49631 0.00971346 0.0797924
0 0.848493 0.494009 0.00952606 0.116618
0 0.338129 0.546507 0.00545964 0.0385117
0 0.170222 0.592651 0.00317843 0.0136093
0 0.765479 0.521441 0.00609741 0.051463
0 0.787269 0.536722 0.00493479 0.0356337
0 0.744479 0.625736 0.0053709 0.0897285
