0 0.716651 0.574072 0.0582145 0.667221
0 0.779572 0.5143 0.0289402 0.264467
0 0.34434 0.508289 0.0234915 0.210119
0 0.162013 0.513551 0.0233633 0.24306
0 0.848145 0.49438 0.0098135 0.115827
0 0.822228 0.573721 0.00966377 0.0427868
0 0.337134 0.544253 0.00560713 0.0448062
0 0.157983 0.503377 0.00930038 0.0200768
0 0.793085 0.544327 0.00537624 0.0409176
0 0.934884 0.515002 0.0629517 0.0563872
0 0.516363 0.577661 0.0294107 0.0591331
0 0.378232 0.503349 0.0087863 0.0666494
0 0.172033 0.539368 0.00307446 0.0121214
