0 0.722513 0.572053 0.0640312 0.637875
0 0.161533 0.512377 0.0204717 0.238264
0 0.775224 0.505357 0.0241024 0.254538
0 0.344357 0.508451 0.0235701 0.210356
0 0.935062 0.514901 0.0631363 0.0565676
0 0.790471 0.48952 0.00885124 0.0869695
0 0.822221 0.573667 0.00966263 0.0426735
0 0.377505 0.493535 0.0105197 0.0863207
0 0.8486 0.49373 0.00944443 0.116781
0 0.338309 0.547503 0.00563345 0.0364252
0 0.169563 0.566179 0.00356352 0.0130731
0 0.747788 0.636881 0.0048336 0.115173
0 0.516395 0.577558 0.0294138 0.0590607
