0 0.732682 0.548788 0.0601503 0.56094
0 0.16236 0.510579 0.0187962 0.23971
0 0.344476 0.508488 0.0240557 0.210006
0 0.77026 0.508229 0.0228762 0.241169
0 0.82221 0.574089 0.0096283 0.0415553
0 0.791075 0.490269 0.00837746 0.0877635
0 0.848868 0.493693 0.010318 0.11696
0 0.516394 0.577617 0.0296023 0.0593426
0 0.380827 0.488832 0.0127362 0.0957516
0 0.756002 0.643193 0.0109182 0.0972744
0 0.162289 0.525646 0.0101192 0.0273954
0 0.33795 0.544043 0.00473952 0.036195
0 0.169509 0.603711 0.00302467 0.0119007
0 0.934815 0.51496 0.062439 0.0563354
0 0.495827 0.571213 0.00809135 0.0612952
0 0.160676 0.519803 0.0134122 0.0395914
