0 0.725115 0.575576 0.0630474 0.627782
0 0.774064 0.505272 0.0222331 0.251314
0 0.161622 0.511297 0.0199749 0.23838
0 0.344364 0.508531 0.0235784 0.210217
0 0.934937 0.514937 0.0630058 0.0565088
0 0.790622 0.489573 0.00851269 0.0868105
0 0.822221 0.573599 0.00966034 0.0426912
0 0.378245 0.491462 0.0109298 0.0904565
0 0.848863 0.493556 0.00937843 0.116872
0 0.163522 0.470748 0.00892663 0.0251336
0 0.338448 0.54693 0.00575066 0.0362832
0 0.750738 0.646314 0.00542622 0.122496
0 0.169053 0.543211 0.00333755 0.0126728
0 0.516384 0.577591 0.0294477 0.0591527
