0 0.728968 0.57207 0.0619389 0.606484
0 0.772391 0.507394 0.0213051 0.245347
0 0.161884 0.511275 0.0191174 0.237766
0 0.34447 0.508398 0.0235708 0.210498
0 0.790797 0.489964 0.00862217 0.0870222
0 0.822229 0.573596 0.00965691 0.0426741
0 0.848941 0.493487 0.0093338 0.117103
0 0.934773 0.5148 0.0625702 0.0565362
0 0.37922 0.490146 0.0120009 0.0930732
0 0.753627 0.651224 0.00585032 0.12607
0 0.164799 0.47563 0.00818229 0.0249587
0 0.16847 0.518231 0.00353665 0.0135772
0 0.338453 0.545561 0.00573039 0.0379598
0 0.516382 0.577743 0.0294813 0.0594198
