0 0.731513 0.551358 0.0624602 0.564018
0 0.344518 0.508415 0.023907 0.209922
0 0.162218 0.510933 0.0186012 0.238632
0 0.77117 0.508506 0.0220442 0.240421
0 0.791093 0.490169 0.00840893 0.0879379
0 0.82221 0.57399 0.00964279 0.0417562
0 0.848892 0.493767 0.0100609 0.117385
0 0.380922 0.489209 0.01216 0.095006
0 0.163546 0.522172 0.0102763 0.0268192
0 0.338095 0.544073 0.00488997 0.036428
0 0.75629 0.646153 0.0088026 0.107024
0 0.161335 0.515915 0.0147412 0.0399602
0 0.934819 0.514966 0.0626163 0.0562525
0 0.516416 0.577717 0.0295939 0.0591703
0 0.169029 0.576111 0.00327938 0.013547
0 0.495849 0.571276 0.00806313 0.0614326
