0 0.730424 0.5552 0.0644865 0.571903
0 0.77119 0.508705 0.0225292 0.241331
0 0.162134 0.510477 0.0185856 0.239369
0 0.344497 0.508382 0.0238479 0.210189
0 0.790919 0.489983 0.00846481 0.0874342
0 0.822229 0.573675 0.00969162 0.0424668
0 0.848885 0.493756 0.00977287 0.117225
0 0.380138 0.489136 0.0131805 0.0949914
0 0.516394 0.577705 0.029591 0.0594165
0 0.756293 0.650741 0.00759716 0.106848
0 0.33832 0.544155 0.00543189 0.036792
0 0.168484 0.550409 0.00343704 0.0120427
0 0.93483 0.514888 0.0625744 0.0564608
0 0.369685 0.454486 0.0044858 0.0169696
0 0.495857 0.57123 0.0080431 0.0614529
0 0.164521 0.516652 0.010113 0.0232745
0 0.370962 0.455916 0.00696468 0.0194348
0 0.371407 0.458233 0.00808954 0.0250166
0 0.161934 0.512724 0.0158113 0.0315195
