0 0.729004 0.569999 0.0632447 0.60204
0 0.161984 0.511266 0.0189065 0.238044
0 0.770915 0.507967 0.0237303 0.245001
0 0.344506 0.508549 0.0236579 0.210265
0 0.790867 0.490118 0.0085104 0.087056
0 0.822222 0.573723 0.00963459 0.042351
0 0.848907 0.493578 0.00939941 0.11704
0 0.934787 0.514829 0.0625 0.0565342
0 0.754458 0.652605 0.0060051 0.120421
0 0.379861 0.489791 0.0111334 0.0932422
0 0.338378 0.544534 0.00569825 0.0389389
0 0.168506 0.513334 0.0035532 0.0131953
0 0.516376 0.577764 0.0294811 0.0593479
