0 0.728305 0.575048 0.0615164 0.617089
0 0.772664 0.506362 0.0214285 0.246692
0 0.161856 0.511411 0.0194123 0.23771
0 0.34446 0.508322 0.0235161 0.21063
0 0.790785 0.48981 0.00861053 0.0868208
0 0.822224 0.573593 0.00965996 0.0426597
0 0.848959 0.493467 0.00940571 0.11716
0 0.378323 0.490176 0.01266 0.0931134
0 0.164263 0.470863 0.00866675 0.0268832
0 0.934792 0.514824 0.0625004 0.0564626
0 0.752554 0.651045 0.00575905 0.125886
0 0.338456 0.546016 0.00573254 0.0370892
0 0.168661 0.525838 0.00369484 0.0146191
0 0.5164 0.577736 0.0294529 0.0593777
