0 0.726925 0.575989 0.0622606 0.622891
0 0.16157 0.511369 0.0195133 0.237815
0 0.77358 0.505606 0.0213615 0.249005
0 0.34448 0.508502 0.0234385 0.210314
0 0.790734 0.489799 0.00855541 0.0873345
0 0.822225 0.573596 0.00967503 0.0427065
0 0.848999 0.493583 0.00943813 0.116963
0 0.378024 0.490459 0.0122885 0.0922455
0 0.163617 0.469438 0.00833776 0.0267025
0 0.934834 0.514848 0.0628164 0.056391
0 0.33846 0.547003 0.00559092 0.0360443
0 0.751611 0.649742 0.00535889 0.124192
0 0.168884 0.533775 0.00339952 0.0126556
0 0.51639 0.577752 0.0294701 0.059338
