0 0.729706 0.565605 0.065926 0.591671
0 0.162212 0.510463 0.0187211 0.238944
0 0.344501 0.508511 0.0237571 0.209652
0 0.791034 0.490293 0.00857258 0.0873896
0 0.770863 0.508904 0.0229061 0.241206
0 0.822231 0.57365 0.00968094 0.0425495
0 0.848792 0.493653 0.00976562 0.11705
0 0.380002 0.489768 0.0129975 0.0932573
0 0.755852 0.655015 0.0067955 0.107817
0 0.934772 0.514933 0.0622898 0.0562413
0 0.338435 0.544423 0.00562096 0.0369163
0 0.516386 0.577774 0.0295647 0.0596113
0 0.168206 0.526327 0.00398369 0.0148341
0 0.36989 0.454404 0.00419598 0.0168761
