0 0.734977 0.550541 0.0550262 0.556041
0 0.162307 0.510308 0.0208225 0.239011
0 0.34439 0.508364 0.024147 0.20981
0 0.766384 0.504053 0.0228056 0.232214
0 0.822224 0.573927 0.00965347 0.0419598
0 0.791255 0.489978 0.00893898 0.0878642
0 0.848864 0.493641 0.0103355 0.116882
0 0.381576 0.48885 0.011773 0.0949667
0 0.934882 0.514831 0.0627087 0.0567447
0 0.155793 0.529433 0.00862393 0.0324877
0 0.169501 0.572054 0.00361905 0.0119268
0 0.337507 0.543406 0.00457711 0.0388802
0 0.375759 0.484606 0.00958595 0.0206729
0 0.516399 0.577605 0.029564 0.0593501
