0 0.734042 0.548865 0.0570181 0.558967
0 0.162473 0.510408 0.0192788 0.239612
0 0.344467 0.508332 0.0240863 0.210013
0 0.769215 0.507188 0.0231904 0.23858
0 0.822214 0.574029 0.00963841 0.0416904
0 0.791314 0.489866 0.00854645 0.0876582
0 0.381426 0.488565 0.0118833 0.0963112
0 0.848869 0.493741 0.0102592 0.116647
0 0.158991 0.528714 0.00934153 0.029847
0 0.169777 0.605851 0.00307608 0.0110519
0 0.337691 0.542669 0.00463548 0.0390192
0 0.516405 0.577579 0.0295958 0.0593538
0 0.934797 0.514899 0.0626938 0.0565989
0 0.754771 0.6335 0.0110476 0.0886066
