0 0.735195 0.551388 0.0536302 0.554153
0 0.162198 0.510454 0.0214943 0.239289
0 0.344344 0.508525 0.0241273 0.20958
0 0.764856 0.503926 0.0225964 0.232784
0 0.791322 0.48991 0.00895481 0.0880015
0 0.822223 0.57386 0.00962334 0.0421004
0 0.848855 0.49367 0.0103287 0.116906
0 0.381676 0.487691 0.011789 0.0970685
0 0.1545 0.530544 0.00813303 0.0320216
0 0.934852 0.514931 0.0627182 0.0565286
0 0.169327 0.557222 0.00339081 0.0122833
0 0.337548 0.543604 0.00426016 0.0395964
0 0.516429 0.577594 0.0295206 0.0593514
0 0.378249 0.487297 0.00621386 0.0196298
