0 0.736141 0.554115 0.051247 0.549273
0 0.161579 0.510624 0.0224202 0.239476
0 0.344231 0.508237 0.0240292 0.210362
0 0.763304 0.503178 0.0205097 0.233909
0 0.791391 0.489971 0.00907669 0.088305
0 0.822231 0.573848 0.00965958 0.0421215
0 0.848972 0.493566 0.0104233 0.117004
0 0.382966 0.487107 0.0125225 0.0980474
0 0.15202 0.530848 0.00770824 0.0337029
0 0.337241 0.542747 0.00496235 0.0420492
0 0.716017 0.575736 0.00997982 0.047482
0 0.169014 0.531219 0.00343277 0.0130986
0 0.516405 0.577644 0.029524 0.0594582
0 0.934919 0.515014 0.0628008 0.0564857
