0 0.733281 0.548528 0.0579029 0.560172
0 0.162405 0.510817 0.0191535 0.241257
0 0.344485 0.508511 0.0240822 0.209983
0 0.769779 0.507864 0.0227632 0.240715
0 0.822211 0.574073 0.00964031 0.0415921
0 0.848871 0.49367 0.0102966 0.116915
0 0.791251 0.490164 0.00843906 0.087932
0 0.381297 0.488559 0.0118603 0.0959148
0 0.160659 0.527456 0.00977235 0.0283307
0 0.516406 0.577525 0.0296585 0.0593447
0 0.337761 0.543849 0.00464611 0.0363463
0 0.934761 0.514954 0.0624084 0.0563697
0 0.755537 0.637987 0.0118569 0.092568
0 0.169945 0.625094 0.00335345 0.0128204
0 0.495867 0.571224 0.0080061 0.061347
