0 0.734673 0.549587 0.0564756 0.55798
0 0.162401 0.510479 0.0197215 0.239191
0 0.344442 0.508341 0.0240943 0.210002
0 0.767193 0.504673 0.0237685 0.232436
0 0.822225 0.573868 0.00966549 0.0421092
0 0.381525 0.488277 0.0119592 0.0962314
0 0.848847 0.493746 0.0103096 0.116681
0 0.791154 0.489476 0.00890551 0.0873808
0 0.157396 0.529392 0.00903089 0.0313536
0 0.169674 0.588101 0.00360661 0.011783
0 0.337606 0.542759 0.00436482 0.0381867
0 0.934774 0.514889 0.062693 0.0564836
0 0.516419 0.577583 0.0295294 0.0593111
