0 0.735778 0.552092 0.0523022 0.553077
0 0.161957 0.510463 0.022294 0.239569
0 0.344292 0.508309 0.0240675 0.210028
0 0.764447 0.50302 0.0211136 0.232418
0 0.791328 0.490231 0.00899258 0.0880141
0 0.822233 0.573764 0.00965118 0.0423253
0 0.84892 0.49352 0.0103765 0.117206
0 0.382053 0.487601 0.0114099 0.0971898
0 0.153206 0.530343 0.00786571 0.0335907
0 0.169057 0.543423 0.00340543 0.0120227
0 0.93482 0.514994 0.0626625 0.0566314
0 0.516405 0.577577 0.0295307 0.0593506
0 0.337713 0.543922 0.00440588 0.0393847
