0 0.731486 0.53928 0.0396803 0.493766
0 0.159098 0.508053 0.0250018 0.250016
0 0.755942 0.50502 0.019788 0.22667
0 0.34406 0.508316 0.0241565 0.210165
0 0.791685 0.490118 0.00988655 0.0870491
0 0.935106 0.514936 0.0629728 0.0564136
0 0.822251 0.573663 0.00958786 0.0425201
0 0.849284 0.493808 0.0105831 0.116995
0 0.383769 0.486203 0.0102612 0.101487
0 0.708554 0.521393 0.01359 0.0266186
0 0.146446 0.533954 0.00788183 0.0425127
0 0.337066 0.543023 0.00584812 0.0455165
0 0.516369 0.577678 0.0294805 0.0596252
