0 0.73244 0.542437 0.0400954 0.500236
0 0.158955 0.509101 0.0245376 0.247781
0 0.755995 0.505089 0.0198015 0.228098
0 0.344072 0.508307 0.0241299 0.210132
0 0.79164 0.490253 0.00996819 0.0872288
0 0.935058 0.51498 0.0629526 0.056486
0 0.822249 0.573678 0.00958786 0.0424817
0 0.84927 0.493823 0.0105469 0.11694
0 0.708995 0.524753 0.0136772 0.0431152
0 0.383863 0.486613 0.0104921 0.100567
0 0.146593 0.534397 0.00793371 0.0406979
0 0.336964 0.543123 0.00577374 0.0455388
0 0.516377 0.577605 0.0294631 0.0595914
