0 0.733135 0.55034 0.0408728 0.517153
0 0.15916 0.508917 0.0240242 0.247801
0 0.757219 0.50446 0.0174484 0.231208
0 0.344091 0.508299 0.0240654 0.210062
0 0.935016 0.514939 0.0630587 0.0564968
0 0.791761 0.488096 0.00953417 0.08245
0 0.822246 0.573937 0.00960007 0.041876
0 0.849248 0.493908 0.0104942 0.116741
0 0.383908 0.486744 0.0110985 0.100168
0 0.71042 0.532048 0.011959 0.0539371
0 0.147036 0.533386 0.00818 0.0395555
0 0.33683 0.543247 0.00554409 0.0450053
0 0.516351 0.577666 0.0294894 0.0596156
