0 0.733621 0.551184 0.0418473 0.520134
0 0.159353 0.509181 0.0236723 0.247193
0 0.344075 0.508333 0.0240036 0.210007
0 0.757591 0.504211 0.0165285 0.2323
0 0.791774 0.489498 0.0095808 0.0857603
0 0.822254 0.573798 0.00962067 0.0419659
0 0.849262 0.493891 0.0105106 0.116793
0 0.383607 0.486679 0.0109707 0.10032
0 0.710888 0.537328 0.0106666 0.0530013
0 0.934894 0.514988 0.0630407 0.0561499
0 0.147397 0.53243 0.00812755 0.0398493
0 0.336752 0.544184 0.00519972 0.0431231
0 0.516364 0.57762 0.0294633 0.0595505
