0 0.733849 0.552616 0.0433998 0.523736
0 0.159533 0.509432 0.0235959 0.246654
0 0.344076 0.508368 0.0240211 0.210031
0 0.757994 0.503551 0.0161227 0.233051
0 0.791673 0.490368 0.00963087 0.0873061
0 0.822259 0.573823 0.00965271 0.0422518
0 0.849282 0.493864 0.0104836 0.116785
0 0.934978 0.514981 0.0630417 0.0563982
0 0.38324 0.486702 0.0104228 0.100434
0 0.147807 0.532181 0.00789728 0.0385389
0 0.336779 0.543819 0.00510454 0.0441606
0 0.516366 0.577634 0.0294813 0.0595983
0 0.711305 0.539081 0.00828266 0.0541275
