0 0.730814 0.539297 0.0388668 0.493873
0 0.159198 0.507596 0.0254495 0.25079
0 0.344047 0.508249 0.0241725 0.210307
0 0.755818 0.505321 0.0198604 0.227778
0 0.791685 0.490244 0.00997066 0.0872733
0 0.822264 0.573783 0.00962715 0.0424318
0 0.849349 0.493765 0.0105881 0.116872
0 0.707677 0.515162 0.0157946 0.0350596
0 0.383754 0.486211 0.0102032 0.1014
0 0.935108 0.514932 0.0630318 0.0564445
0 0.146355 0.534602 0.00784335 0.0424469
0 0.516377 0.577638 0.0294869 0.0596697
0 0.33714 0.543145 0.00602069 0.0447674
