0 0.732936 0.548946 0.0402458 0.513825
0 0.159024 0.50915 0.0242957 0.247771
0 0.75658 0.5047 0.0186285 0.228483
0 0.344093 0.508301 0.0241009 0.210236
0 0.791624 0.489355 0.00985794 0.0856658
0 0.822245 0.573699 0.00960121 0.0424822
0 0.849267 0.493836 0.0105511 0.116929
0 0.935034 0.514925 0.0629745 0.0564566
0 0.709772 0.527969 0.012742 0.0539169
0 0.383775 0.486577 0.0104619 0.100637
0 0.146845 0.533885 0.00815325 0.0400964
0 0.336927 0.543273 0.00561886 0.0450931
0 0.51637 0.577563 0.0294153 0.0595545
