0 0.159922 0.510654 0.0269276 0.244204
0 0.934913 0.514954 0.063253 0.0561291
0 0.72504 0.540073 0.03475 0.491748
0 0.343966 0.508375 0.0241077 0.210732
0 0.754875 0.500573 0.022651 0.223653
0 0.822187 0.574098 0.00952301 0.0412905
0 0.84924 0.493799 0.0106203 0.116621
0 0.791336 0.490713 0.0103981 0.0864476
0 0.701362 0.469129 0.0208688 0.0643856
0 0.38427 0.485867 0.0108763 0.102127
0 0.146116 0.537877 0.00729456 0.0400147
0 0.337297 0.543265 0.00600753 0.0447033
0 0.390521 0.488353 0.0066 0.0217979
