0 0.719706 0.542496 0.0397965 0.487315
0 0.344006 0.507977 0.0240203 0.210708
0 0.158782 0.510344 0.0257802 0.244921
0 0.93494 0.515039 0.0630398 0.0564741
0 0.755302 0.498956 0.0217138 0.218511
0 0.791612 0.489773 0.00979347 0.0858826
0 0.849193 0.493846 0.0103704 0.116352
0 0.822177 0.574196 0.00952454 0.0409326
0 0.692272 0.464122 0.0192873 0.0561111
0 0.383512 0.485903 0.00891981 0.103052
0 0.145733 0.537766 0.00712113 0.0360722
0 0.516329 0.57758 0.0294353 0.0593519
0 0.745487 0.525259 0.00520048 0.0381261
0 0.337409 0.543942 0.00570879 0.0426483
0 0.695153 0.472597 0.0250922 0.0727257
