0 0.721454 0.541639 0.0363644 0.489138
0 0.159598 0.510455 0.0268244 0.246065
0 0.34403 0.508095 0.0240221 0.210539
0 0.934927 0.514978 0.063098 0.0564356
0 0.755314 0.498636 0.0233031 0.220379
0 0.79159 0.489896 0.00995731 0.0860357
0 0.849194 0.493665 0.0103931 0.116715
0 0.822183 0.574188 0.00950813 0.0411363
0 0.383375 0.485834 0.00941501 0.101979
0 0.696377 0.461878 0.0189569 0.0567388
0 0.145987 0.538591 0.0072433 0.0383582
0 0.337354 0.54368 0.00596867 0.0436486
0 0.386195 0.497579 0.00422983 0.0260771
0 0.698983 0.470858 0.0234837 0.0748866
