0 0.159725 0.510454 0.0269258 0.244748
0 0.725829 0.539069 0.0357204 0.493269
0 0.934841 0.514859 0.0631966 0.0561815
0 0.344019 0.508389 0.0241468 0.210617
0 0.754745 0.501021 0.0223018 0.224464
0 0.791419 0.49037 0.0103148 0.0871275
0 0.822176 0.574184 0.0095192 0.0412949
0 0.849242 0.493758 0.0107658 0.116609
0 0.384599 0.485879 0.0115134 0.101983
0 0.146119 0.53774 0.0073555 0.0394424
0 0.337335 0.543696 0.00579119 0.0437411
0 0.391385 0.48365 0.00460215 0.0148139
0 0.390316 0.483029 0.00676436 0.0158404
