0 0.720636 0.542376 0.038003 0.487604
0 0.159354 0.510774 0.0263712 0.245128
0 0.344019 0.508084 0.0240353 0.210576
0 0.934943 0.515029 0.0630646 0.0564935
0 0.755186 0.498602 0.0224274 0.219242
0 0.791552 0.48999 0.00998573 0.0860263
0 0.849204 0.493846 0.0103966 0.116329
0 0.822169 0.574233 0.00948849 0.0409631
0 0.383359 0.485775 0.00892544 0.102181
0 0.694703 0.463162 0.0196119 0.0573004
0 0.145937 0.53831 0.00708237 0.0381796
0 0.337342 0.543777 0.00590925 0.0431524
0 0.745504 0.525448 0.00422707 0.038107
0 0.516317 0.577654 0.0293732 0.0594568
0 0.697613 0.471403 0.0251724 0.0742349
0 0.1705 0.445236 0.00412061 0.0324678
