0 0.722641 0.540806 0.0342876 0.490155
0 0.159721 0.510239 0.0268824 0.245166
0 0.934815 0.51488 0.063143 0.0563106
0 0.343983 0.50823 0.0241682 0.210748
0 0.754801 0.498933 0.0224442 0.221416
0 0.791684 0.490222 0.00970726 0.0859579
0 0.822191 0.574121 0.00954247 0.0412304
0 0.849156 0.493722 0.0104931 0.11674
0 0.697603 0.457789 0.0204273 0.0622989
0 0.38332 0.485813 0.00935097 0.10193
0 0.146118 0.53839 0.00731244 0.0397365
0 0.33735 0.543464 0.00594172 0.0438673
0 0.516433 0.577606 0.0296333 0.0595466
0 0.388158 0.500898 0.00425577 0.0200087
0 0.170705 0.453587 0.00462713 0.0164141
0 0.699758 0.466429 0.0246775 0.0797414
0 0.745213 0.524482 0.00356846 0.0376066
