0 0.723466 0.540943 0.0333187 0.490567
0 0.15981 0.510421 0.0268478 0.2461
0 0.934836 0.514952 0.0631762 0.0562842
0 0.343999 0.508158 0.0242256 0.21089
0 0.75477 0.499334 0.0226446 0.222502
0 0.822187 0.574144 0.00954895 0.0412048
0 0.849144 0.493572 0.010528 0.117038
0 0.791599 0.490292 0.00991344 0.0867274
0 0.383681 0.48591 0.0100188 0.102115
0 0.146087 0.538401 0.00718188 0.039672
0 0.337395 0.543568 0.0059473 0.0438202
0 0.698719 0.458653 0.0210815 0.0626795
0 0.38988 0.49964 0.00477347 0.019981
0 0.516426 0.577585 0.0296621 0.0595626
0 0.351932 0.494295 0.00331187 0.0118228
