0 0.714368 0.537304 0.0431835 0.476653
0 0.159406 0.508447 0.0279708 0.253907
0 0.343871 0.50788 0.0239446 0.210885
0 0.756738 0.500824 0.0226524 0.212111
0 0.791047 0.490437 0.00950317 0.086206
0 0.382924 0.485884 0.0133831 0.102408
0 0.516215 0.577582 0.0292933 0.0590062
0 0.8489 0.49361 0.0105249 0.117343
0 0.82222 0.574192 0.00958633 0.0413857
0 0.684225 0.564592 0.0222392 0.0612734
0 0.934852 0.514965 0.0629189 0.0562493
0 0.145597 0.536931 0.00714312 0.034431
0 0.337518 0.543322 0.00524387 0.0418914
0 0.49575 0.570693 0.00817242 0.0613858
0 0.744552 0.510677 0.00697489 0.0288376
0 0.779074 0.496478 0.00567436 0.082176
0 0.595951 0.411769 0.00269756 0.0114125
