0 0.714958 0.538109 0.0435545 0.477138
0 0.34394 0.507997 0.0238288 0.210583
0 0.159366 0.509412 0.0279924 0.251397
0 0.756812 0.501211 0.0225821 0.212132
0 0.791094 0.49056 0.00988893 0.0867953
0 0.51626 0.577535 0.029399 0.0590853
0 0.382716 0.485872 0.0119414 0.102295
0 0.848943 0.493634 0.0104092 0.11744
0 0.822222 0.574153 0.00959759 0.0415224
0 0.934844 0.514903 0.0629002 0.0563911
0 0.683176 0.547834 0.0229897 0.0549557
0 0.744481 0.514746 0.0065443 0.0296015
0 0.145559 0.536501 0.00702963 0.0338409
0 0.337486 0.544211 0.00532246 0.0406345
0 0.495742 0.570676 0.00816536 0.0613424
0 0.779283 0.49788 0.00511131 0.0797704
0 0.167887 0.390712 0.00449965 0.0184909
