0 0.716721 0.542099 0.0444937 0.482465
0 0.159404 0.510938 0.0275226 0.245763
0 0.344019 0.507697 0.023753 0.21059
0 0.755643 0.500384 0.0216701 0.215734
0 0.934939 0.515029 0.0631227 0.0562063
0 0.791469 0.490367 0.00972328 0.0858193
0 0.82222 0.574258 0.00961285 0.0414113
0 0.383067 0.486051 0.00915871 0.102952
0 0.849151 0.493739 0.010358 0.117119
0 0.684974 0.488978 0.0238962 0.0533642
0 0.145545 0.535517 0.00709658 0.0339901
0 0.745591 0.522501 0.00604134 0.03535
0 0.516268 0.577605 0.0293169 0.0591541
0 0.337543 0.544694 0.0050477 0.0401878
0 0.779603 0.49921 0.00468864 0.075421
