0 0.717365 0.542749 0.0436722 0.483258
0 0.159266 0.51069 0.0272861 0.245445
0 0.343924 0.507968 0.0238252 0.210844
0 0.755506 0.499786 0.0213617 0.216634
0 0.791454 0.490147 0.00966702 0.0860658
0 0.822238 0.574126 0.00960846 0.0411546
0 0.849151 0.493944 0.0103661 0.116706
0 0.383414 0.485869 0.00885162 0.102981
0 0.686504 0.47962 0.0232729 0.0549237
0 0.934879 0.515041 0.0630806 0.0562063
0 0.145543 0.535799 0.00711336 0.0343404
0 0.745467 0.523317 0.00546789 0.0356466
0 0.337521 0.544447 0.00519209 0.0410212
0 0.516279 0.577737 0.0293496 0.0592168
0 0.779672 0.495204 0.00493317 0.0834822
0 0.495785 0.570735 0.00810852 0.0615361
