0 0.714112 0.53799 0.0403601 0.475482
0 0.159493 0.507937 0.0280308 0.255993
0 0.516223 0.577531 0.0292738 0.0590427
0 0.343821 0.507797 0.0239713 0.210887
0 0.756505 0.500293 0.023143 0.211381
0 0.383142 0.485858 0.013981 0.102659
0 0.791016 0.490256 0.00930424 0.0861738
0 0.822222 0.574266 0.00957565 0.041281
0 0.848907 0.49371 0.0105371 0.117409
0 0.934864 0.514936 0.0628975 0.0562873
0 0.145709 0.537489 0.0072866 0.034986
0 0.337506 0.542922 0.00533361 0.0422506
0 0.495718 0.570776 0.00821533 0.0614048
0 0.744275 0.505786 0.00700436 0.0279755
0 0.686042 0.575853 0.0209861 0.0645023
