0 0.716159 0.542247 0.0444532 0.478974
0 0.159303 0.510623 0.0276056 0.246358
0 0.343947 0.507949 0.0236868 0.210742
0 0.756216 0.500865 0.0222255 0.214708
0 0.934932 0.515056 0.0630978 0.0562388
0 0.791388 0.490244 0.00966053 0.0863576
0 0.382682 0.486173 0.00990591 0.102881
0 0.822219 0.57425 0.00961208 0.0414452
0 0.849138 0.493656 0.0103439 0.117231
0 0.685739 0.5016 0.0272092 0.0510035
0 0.145576 0.535418 0.0071167 0.0341084
0 0.745575 0.522046 0.00588942 0.0349081
0 0.516244 0.577538 0.0293085 0.0590447
0 0.168588 0.397073 0.00414922 0.0171438
0 0.337569 0.544623 0.00512066 0.0403522
0 0.49574 0.570701 0.00817556 0.0614053
0 0.779449 0.498194 0.00463428 0.078106
