0 0.718925 0.542447 0.0413224 0.485547
0 0.159336 0.510073 0.0270402 0.245885
0 0.343934 0.508031 0.0238734 0.210632
0 0.93482 0.514986 0.0631603 0.0561961
0 0.755349 0.499359 0.0216982 0.217549
0 0.791586 0.489948 0.00974674 0.085458
0 0.849179 0.493897 0.010387 0.116337
0 0.690268 0.467145 0.021549 0.0575279
0 0.822185 0.574315 0.00953255 0.0408673
0 0.383512 0.485911 0.00874338 0.102695
0 0.145653 0.537464 0.00697649 0.034556
0 0.745395 0.525068 0.00514851 0.037507
0 0.170127 0.420495 0.00362692 0.0143661
0 0.337386 0.543755 0.0056735 0.042965
0 0.516315 0.577658 0.0294107 0.0593895
