0 0.715393 0.540367 0.0440388 0.475672
0 0.159339 0.509568 0.027798 0.250155
0 0.343932 0.508006 0.0237179 0.210426
0 0.791186 0.490503 0.00994835 0.0862745
0 0.756495 0.501388 0.022806 0.213248
0 0.382349 0.486117 0.0108081 0.102724
0 0.822219 0.574288 0.0095787 0.0412919
0 0.848999 0.493555 0.0103653 0.117569
0 0.682897 0.531028 0.0238262 0.0504066
0 0.516259 0.577538 0.0293777 0.0590776
0 0.145539 0.536153 0.00713496 0.0339174
0 0.744975 0.517896 0.00604572 0.0312959
0 0.934909 0.514944 0.0630814 0.0561846
0 0.337579 0.544716 0.00528827 0.0400325
0 0.49576 0.570739 0.00811329 0.0612774
0 0.779343 0.497801 0.00505905 0.081019
0 0.168235 0.391016 0.00424886 0.0166437
