0 0.718069 0.542938 0.0426826 0.48416
0 0.159268 0.509572 0.027116 0.246728
0 0.343988 0.508058 0.0238374 0.210512
0 0.755516 0.499519 0.0216383 0.217124
0 0.791496 0.490245 0.00965118 0.0858894
0 0.822218 0.574284 0.00958824 0.0409639
0 0.84914 0.493937 0.0103634 0.116633
0 0.38353 0.485684 0.00883904 0.103016
0 0.688271 0.471279 0.0221535 0.0569829
0 0.145539 0.536596 0.00703268 0.0335197
0 0.934855 0.515071 0.0631531 0.0559526
0 0.516282 0.577716 0.0293476 0.0593809
0 0.745513 0.52411 0.00527821 0.036171
0 0.169749 0.413179 0.00386219 0.0152862
0 0.337467 0.543908 0.00544968 0.0425822
0 0.495792 0.570884 0.0080986 0.0610274
