0 0.715857 0.541165 0.0444399 0.477532
0 0.159403 0.510507 0.027662 0.247718
0 0.343985 0.507826 0.0237184 0.210283
0 0.756344 0.501154 0.0224195 0.213601
0 0.791249 0.490347 0.00954208 0.086175
0 0.382583 0.485937 0.0100605 0.10293
0 0.822217 0.574262 0.0095993 0.0413196
0 0.849149 0.493459 0.010244 0.11792
0 0.145572 0.53525 0.00712614 0.0340276
0 0.934918 0.515023 0.0632557 0.0561526
0 0.745302 0.519145 0.00576143 0.0307809
0 0.516246 0.577545 0.0293269 0.0590346
0 0.16827 0.39348 0.00426698 0.0165455
0 0.495737 0.570667 0.00819063 0.0614338
0 0.337594 0.544735 0.00522165 0.0398912
0 0.779337 0.497353 0.00492954 0.07965
0 0.685582 0.516801 0.0286697 0.0508679
