0 0.716971 0.540504 0.037414 0.476068
0 0.3436 0.50786 0.0243404 0.210781
0 0.75638 0.497953 0.0235537 0.209004
0 0.159916 0.509724 0.0278134 0.254302
0 0.790773 0.489956 0.00931149 0.0857666
0 0.848875 0.494049 0.0103329 0.115754
0 0.383269 0.48607 0.0150371 0.102315
0 0.822165 0.574318 0.00945892 0.0408417
0 0.516255 0.577621 0.0293192 0.0594569
0 0.146278 0.538144 0.00724955 0.0388282
0 0.934951 0.515047 0.0628021 0.0561082
0 0.69397 0.596275 0.0184315 0.0764072
0 0.337256 0.541742 0.00595255 0.0436742
0 0.777354 0.48906 0.00957432 0.101182
0 0.495725 0.570888 0.00824146 0.0609846
0 0.742835 0.483703 0.00830698 0.023156
