0 0.71845 0.540041 0.0353537 0.479474
0 0.343387 0.50758 0.0248118 0.210612
0 0.160061 0.511429 0.0274675 0.250383
0 0.756281 0.499424 0.0253728 0.205442
0 0.790595 0.489082 0.00905914 0.0844942
0 0.383382 0.486005 0.0145713 0.103021
0 0.848759 0.49462 0.0102833 0.114168
0 0.822154 0.574196 0.00944595 0.0410909
0 0.516155 0.577556 0.0290339 0.059169
0 0.777188 0.488739 0.00942593 0.10176
0 0.146787 0.538385 0.00700052 0.0404287
0 0.741148 0.457356 0.00701237 0.0314384
0 0.93481 0.514803 0.0630394 0.0561999
0 0.336951 0.541065 0.00625572 0.0424862
0 0.696398 0.599045 0.0174994 0.0785733
