0 0.714824 0.538447 0.0372396 0.479018
0 0.343734 0.507786 0.0242576 0.210905
0 0.756813 0.498864 0.0227594 0.210716
0 0.159602 0.507885 0.0280015 0.25704
0 0.383467 0.485812 0.0147545 0.102712
0 0.790837 0.490265 0.00933304 0.0858371
0 0.822221 0.574162 0.00960293 0.0413736
0 0.848906 0.493569 0.0103043 0.116377
0 0.934889 0.514892 0.0629833 0.0561355
0 0.146065 0.538538 0.00715442 0.0358803
0 0.692216 0.581031 0.0232407 0.091016
0 0.516246 0.577581 0.0292818 0.0592016
0 0.690404 0.59069 0.0197978 0.0713125
0 0.337467 0.542412 0.00566134 0.0436505
0 0.743989 0.495379 0.0082675 0.0297611
0 0.495723 0.570768 0.00824432 0.0611999
