0 0.71819 0.540611 0.0352301 0.478658
0 0.343328 0.507581 0.024898 0.210568
0 0.160117 0.51231 0.0271598 0.249291
0 0.790547 0.488636 0.00907555 0.0840205
0 0.383643 0.487239 0.0129734 0.101868
0 0.756173 0.500216 0.025848 0.204086
0 0.848688 0.494727 0.0104 0.114
0 0.934854 0.51487 0.0630701 0.0560458
0 0.822157 0.574062 0.00947495 0.0414319
0 0.776914 0.488797 0.00957193 0.101505
0 0.146828 0.538897 0.00689344 0.0402763
0 0.741482 0.448008 0.00652523 0.0328389
0 0.3367 0.540068 0.0065856 0.0430806
0 0.516128 0.577597 0.029036 0.0593591
0 0.6979 0.588604 0.0206499 0.101164
0 0.377045 0.50168 0.0052043 0.0242381
0 0.696642 0.600293 0.017313 0.0761354
