0 0.713918 0.537829 0.0384226 0.478012
0 0.159501 0.507611 0.0279644 0.256943
0 0.343764 0.507822 0.0242777 0.21099
0 0.516242 0.577545 0.0292707 0.0590468
0 0.756763 0.499426 0.0227615 0.211445
0 0.383325 0.485886 0.0146566 0.102646
0 0.790943 0.490261 0.00934954 0.0861265
0 0.822223 0.574259 0.00958099 0.0412723
0 0.848836 0.493457 0.0105694 0.116871
0 0.934867 0.514935 0.0629673 0.0562575
0 0.145933 0.537595 0.0072145 0.0359723
0 0.337494 0.542967 0.0054636 0.0420971
0 0.688271 0.58468 0.0206939 0.0677999
0 0.495722 0.570683 0.00824413 0.0612734
