0 0.718306 0.539873 0.0356578 0.479217
0 0.343415 0.507668 0.0247755 0.211003
0 0.160008 0.510784 0.0276245 0.251748
0 0.516286 0.577506 0.0293709 0.0590235
0 0.756081 0.498682 0.0246126 0.207333
0 0.790691 0.490012 0.00918102 0.0863748
0 0.848795 0.494289 0.0102516 0.11501
0 0.383249 0.486117 0.0147326 0.103241
0 0.934859 0.514844 0.0629726 0.0562507
0 0.822171 0.57414 0.00947189 0.0412267
0 0.741241 0.46578 0.00734272 0.0279845
0 0.777158 0.488883 0.00951138 0.101481
0 0.146634 0.538394 0.00704556 0.0395772
0 0.695929 0.599001 0.0171528 0.0773322
0 0.336966 0.540425 0.00621614 0.0436535
