0 0.717765 0.53999 0.0362936 0.478064
0 0.34346 0.507717 0.0246551 0.210793
0 0.160031 0.51014 0.0277697 0.253203
0 0.756042 0.49801 0.0244873 0.208592
0 0.516257 0.577568 0.0293326 0.0593018
0 0.790732 0.490177 0.00927448 0.0859872
0 0.848836 0.494117 0.010244 0.115965
0 0.383174 0.485755 0.0151775 0.103017
0 0.822176 0.57422 0.00947723 0.0410687
0 0.146443 0.538395 0.00716565 0.0385893
0 0.77737 0.489085 0.009412 0.10028
0 0.695086 0.597353 0.0178098 0.0790931
0 0.9349 0.514923 0.062797 0.056218
0 0.741934 0.475004 0.00741844 0.0257036
0 0.337042 0.540388 0.00602818 0.0438274
0 0.373937 0.494178 0.00414877 0.0118264
