0 0.71763 0.539583 0.034467 0.479606
0 0.343397 0.507537 0.0247728 0.210715
0 0.159821 0.511986 0.0262267 0.249935
0 0.790366 0.488557 0.00936337 0.0833549
0 0.848282 0.495049 0.010799 0.113123
0 0.383672 0.48724 0.0113786 0.101896
0 0.935022 0.515003 0.0630533 0.0558307
0 0.822157 0.574078 0.00947571 0.0413969
0 0.516132 0.577553 0.029001 0.0593592
0 0.776747 0.489041 0.00994329 0.102805
0 0.755857 0.501141 0.0252741 0.202183
0 0.146994 0.539345 0.00682344 0.0396388
0 0.742466 0.436831 0.00581083 0.0398732
0 0.378265 0.50293 0.00435119 0.0224648
0 0.743125 0.441194 0.00724335 0.048684
0 0.696517 0.59942 0.0171057 0.0740056
0 0.336381 0.540448 0.0062458 0.0420631
