0 0.718041 0.540018 0.0345503 0.479332
0 0.343318 0.50759 0.0249725 0.210709
0 0.160029 0.513159 0.0267522 0.247464
0 0.790478 0.488606 0.00915966 0.083806
0 0.383609 0.487169 0.0121411 0.10191
0 0.848529 0.494982 0.010693 0.113467
0 0.934837 0.514849 0.0630688 0.0559835
0 0.75597 0.501312 0.0252108 0.201874
0 0.822159 0.574032 0.00948105 0.0414646
0 0.776905 0.488986 0.00976868 0.102704
0 0.516147 0.577621 0.0290155 0.0591197
0 0.146874 0.539102 0.00692286 0.0399106
0 0.741964 0.442795 0.00634851 0.0390383
0 0.696823 0.59912 0.0173471 0.0774507
0 0.336618 0.540389 0.0063242 0.042323
