0 0.715999 0.540333 0.0374931 0.477119
0 0.343666 0.507853 0.0243984 0.210836
0 0.756788 0.49835 0.0227144 0.209544
0 0.159717 0.508359 0.0280138 0.256292
0 0.790807 0.490278 0.00933046 0.0858521
0 0.38344 0.486085 0.0149597 0.102563
0 0.822221 0.574185 0.00959969 0.0412918
0 0.934888 0.514945 0.0629528 0.0561527
0 0.848912 0.493869 0.010461 0.11527
0 0.516242 0.577571 0.0293165 0.0592694
0 0.14614 0.538293 0.00721416 0.0376537
0 0.743646 0.489734 0.00915241 0.024589
0 0.693574 0.58263 0.0221949 0.0950906
0 0.692213 0.593253 0.0193948 0.0748615
0 0.33741 0.541946 0.0057138 0.0432699
0 0.778624 0.488507 0.00682278 0.101031
0 0.495727 0.570822 0.00822897 0.0610545
