0 0.716958 0.541534 0.0357491 0.479165
0 0.343408 0.507531 0.0247515 0.210668
0 0.159734 0.51146 0.0255621 0.251465
0 0.790337 0.488099 0.00940437 0.0825005
0 0.383697 0.486962 0.0103491 0.10223
0 0.755067 0.49936 0.0244432 0.206009
0 0.84762 0.49571 0.0115067 0.111967
0 0.822154 0.574141 0.00947418 0.0412871
0 0.77673 0.488896 0.0100302 0.101429
0 0.147139 0.539423 0.00688539 0.0388429
0 0.93491 0.514898 0.0631493 0.0560437
0 0.693988 0.592389 0.0180227 0.0751831
0 0.335986 0.541118 0.00553279 0.0422457
0 0.743903 0.431147 0.00522652 0.0415978
0 0.51614 0.577604 0.0290001 0.0593825
