0 0.71729 0.539745 0.034862 0.479083
0 0.343403 0.507555 0.0247481 0.210683
0 0.790353 0.488177 0.00938911 0.0826423
0 0.158789 0.511188 0.0238285 0.252185
0 0.3839 0.486916 0.0106325 0.102201
0 0.848189 0.495336 0.0108278 0.112422
0 0.755692 0.50052 0.0254272 0.203452
0 0.776718 0.489039 0.00996323 0.102
0 0.822156 0.574139 0.00947762 0.0412932
0 0.147102 0.539719 0.00679984 0.0388819
0 0.516135 0.577591 0.0289923 0.0593965
0 0.743179 0.433788 0.00570202 0.04274
0 0.934947 0.514966 0.0630253 0.0560723
0 0.336064 0.540641 0.00571575 0.0420483
0 0.695538 0.59525 0.0177015 0.0762504
0 0.170128 0.443932 0.00433888 0.0363968
0 0.379067 0.504173 0.00381069 0.0190235
